"polygon" "year" "index" "mean_annual" "mean_climatology" "sd_climatology" "anomaly" "standardized_anomaly"
"CLS" 2003 "spring_timing" 144 160.166666666667 18.5543716110881 -16.1666666666667 -0.87131307950119
"CLS" 2004 "spring_timing" 191 160.166666666667 18.5543716110881 30.8333333333333 1.66178267739918
"CLS" 2005 "spring_timing" 159 160.166666666667 18.5543716110881 -1.16666666666666 -0.0628782634691576
"CLS" 2006 "spring_timing" 147 160.166666666667 18.5543716110881 -13.1666666666667 -0.709626116294784
"CLS" 2007 "spring_timing" 128 160.166666666667 18.5543716110881 -32.1666666666667 -1.73364354993536
"CLS" 2008 "spring_timing" 151 160.166666666667 18.5543716110881 -9.16666666666666 -0.494043498686242
"CLS" 2009 "spring_timing" 174 160.166666666667 18.5543716110881 13.8333333333333 0.745556552562875
"CLS" 2010 "spring_timing" 160 160.166666666667 18.5543716110881 -0.166666666666657 -0.00898260906702208
"CLS" 2011 "spring_timing" 181 160.166666666667 18.5543716110881 20.8333333333333 1.12282613337782
"CLS" 2012 "spring_timing" 153 160.166666666667 18.5543716110881 -7.16666666666666 -0.386252189881971
"CLS" 2013 "spring_timing" 137 160.166666666667 18.5543716110881 -23.1666666666667 -1.24858266031614
"CLS" 2014 "spring_timing" 146 160.166666666667 18.5543716110881 -14.1666666666667 -0.763521770696919
"CLS" 2015 "spring_timing" 137 160.166666666667 18.5543716110881 -23.1666666666667 -1.24858266031614
"CLS" 2016 "spring_timing" 166 160.166666666667 18.5543716110881 5.83333333333334 0.314391317345791
"CLS" 2017 "spring_timing" 188 160.166666666667 18.5543716110881 27.8333333333333 1.50009571419277
"CLS" 2018 "spring_timing" 169 160.166666666667 18.5543716110881 8.83333333333334 0.476078280552198
"CLS" 2019 "spring_timing" 178 160.166666666667 18.5543716110881 17.8333333333333 0.961139170171417
"CLS" 2020 "spring_timing" 174 160.166666666667 18.5543716110881 13.8333333333333 0.745556552562875
"CLS" 2021 "spring_timing" 199 160.166666666667 18.5543716110881 38.8333333333333 2.09294791261626
"CLS" 2022 "spring_timing" 123 160.166666666667 18.5543716110881 -37.1666666666667 -2.00312182194604
"CLS" 2023 "spring_timing" 169 160.166666666667 18.5543716110881 8.83333333333334 0.476078280552198
"CLS" 2003 "fall_timing" NA 247.083333333333 25.1954481218455 NA NA
"CLS" 2004 "fall_timing" NA 247.083333333333 25.1954481218455 NA NA
"CLS" 2005 "fall_timing" NA 247.083333333333 25.1954481218455 NA NA
"CLS" 2006 "fall_timing" 267 247.083333333333 25.1954481218455 19.9166666666667 0.790486701024306
"CLS" 2007 "fall_timing" NA 247.083333333333 25.1954481218455 NA NA
"CLS" 2008 "fall_timing" 261 247.083333333333 25.1954481218455 13.9166666666667 0.552348447996063
"CLS" 2009 "fall_timing" 275 247.083333333333 25.1954481218455 27.9166666666667 1.10800437172863
"CLS" 2010 "fall_timing" 231 247.083333333333 25.1954481218455 -16.0833333333333 -0.638342817145151
"CLS" 2011 "fall_timing" 181 247.083333333333 25.1954481218455 -66.0833333333333 -2.62282825904717
"CLS" 2012 "fall_timing" 248 247.083333333333 25.1954481218455 0.916666666666657 0.0363822331015367
"CLS" 2013 "fall_timing" 269 247.083333333333 25.1954481218455 21.9166666666667 0.869866118700387
"CLS" 2014 "fall_timing" 243 247.083333333333 25.1954481218455 -4.08333333333334 -0.162066311088666
"CLS" 2015 "fall_timing" 266 247.083333333333 25.1954481218455 18.9166666666667 0.750796992186265
"CLS" 2016 "fall_timing" NA 247.083333333333 25.1954481218455 NA NA
"CLS" 2017 "fall_timing" 242 247.083333333333 25.1954481218455 -5.08333333333334 -0.201756019926706
"CLS" 2018 "fall_timing" NA 247.083333333333 25.1954481218455 NA NA
"CLS" 2019 "fall_timing" 237 247.083333333333 25.1954481218455 -10.0833333333333 -0.400204564116908
"CLS" 2020 "fall_timing" 245 247.083333333333 25.1954481218455 -2.08333333333334 -0.0826868934125847
"CLS" 2021 "fall_timing" NA 247.083333333333 25.1954481218455 NA NA
"CLS" 2022 "fall_timing" 241 247.083333333333 25.1954481218455 -6.08333333333334 -0.241445728764747
"CLS" 2023 "fall_timing" 241 247.083333333333 25.1954481218455 -6.08333333333334 -0.241445728764747
"CLS" 2003 "Annual_w_average" 1.117075344296 1.20776696481561 0.688157610387448 -0.0906916205196158 -0.131789025000471
"CLS" 2004 "Annual_w_average" 0.778613471477124 1.20776696481561 0.688157610387448 -0.429153493338488 -0.6236267489607
"CLS" 2005 "Annual_w_average" 0.857910587319162 1.20776696481561 0.688157610387448 -0.34985637749645 -0.508395710830653
"CLS" 2006 "Annual_w_average" 1.14700944217952 1.20776696481561 0.688157610387448 -0.0607575226360944 -0.0882901267369353
"CLS" 2007 "Annual_w_average" 1.14477101844635 1.20776696481561 0.688157610387448 -0.0629959463692635 -0.0915429044427706
"CLS" 2008 "Annual_w_average" 0.724791136915947 1.20776696481561 0.688157610387448 -0.482975827899666 -0.701838969168327
"CLS" 2009 "Annual_w_average" 0.390258292683688 1.20776696481561 0.688157610387448 -0.817508672131924 -1.1879672037219
"CLS" 2010 "Annual_w_average" 0.99783730532669 1.20776696481561 0.688157610387448 -0.209929659488923 -0.305060434296044
"CLS" 2011 "Annual_w_average" 0.807702353088372 1.20776696481561 0.688157610387448 -0.400064611727241 -0.581356081351764
"CLS" 2012 "Annual_w_average" 1.24380759410008 1.20776696481561 0.688157610387448 0.0360406292844651 0.0523726378091981
"CLS" 2013 "Annual_w_average" 0.524135898105777 1.20776696481561 0.688157610387448 -0.683631066709835 -0.993422228266771
"CLS" 2014 "Annual_w_average" 1.35054605558156 1.20776696481561 0.688157610387448 0.142779090765952 0.207480217628581
"CLS" 2015 "Annual_w_average" 3.23139198572439 1.20776696481561 0.688157610387448 2.02362502090878 2.94064178084064
"CLS" 2016 "Annual_w_average" 2.00882855373692 1.20776696481561 0.688157610387448 0.801061588921306 1.16406703468743
"CLS" 2017 "Annual_w_average" 2.43751287011533 1.20776696481561 0.688157610387448 1.22974590529972 1.78701199657931
"CLS" 2018 "Annual_w_average" 1.12482714941385 1.20776696481561 0.688157610387448 -0.0829398154017602 -0.120524446943286
"CLS" 2019 "Annual_w_average" 1.11907160090022 1.20776696481561 0.688157610387448 -0.0886953639153953 -0.128888153784215
"CLS" 2020 "Annual_w_average" 0.733714707270044 1.20776696481561 0.688157610387448 -0.474052257545568 -0.688871634041315
"CLS" 2021 "Annual_w_average" 1.09878388446779 1.20776696481561 0.688157610387448 -0.108983080347819 -0.158369360016899
"CLS" 2022 "Annual_w_average" 2.09703451142905 1.20776696481561 0.688157610387448 0.889267546613436 1.29224400513824
"CLS" 2023 "Annual_w_average" 1.2928224884132 1.20776696481561 0.688157610387448 0.0850555235975907 0.123598899894027
"CLS" 2003 "Winter_w_average" 0.0493981342706293 0.0982710043202182 0.129235114003657 -0.048872870049589 -0.378170208819609
"CLS" 2004 "Winter_w_average" 0.064798442766193 0.0982710043202182 0.129235114003657 -0.0334725615540253 -0.259005161345531
"CLS" 2005 "Winter_w_average" 0.0642469038364653 0.0982710043202182 0.129235114003657 -0.0340241004837529 -0.263272878629489
"CLS" 2006 "Winter_w_average" 0.0721314197826805 0.0982710043202182 0.129235114003657 -0.0261395845375378 -0.202263794473057
"CLS" 2007 "Winter_w_average" 0.0878110008337907 0.0982710043202182 0.129235114003657 -0.0104600034864275 -0.0809377820189915
"CLS" 2008 "Winter_w_average" 0.0590348166412521 0.0982710043202182 0.129235114003657 -0.0392361876789662 -0.303603149820844
"CLS" 2009 "Winter_w_average" 0.0536074394977824 0.0982710043202182 0.129235114003657 -0.0446635648224359 -0.345599299128347
"CLS" 2010 "Winter_w_average" 0.105028206893286 0.0982710043202182 0.129235114003657 0.00675720257306726 0.0522861191802412
"CLS" 2011 "Winter_w_average" 0.107315859436487 0.0982710043202182 0.129235114003657 0.00904485511626922 0.0699875973027986
"CLS" 2012 "Winter_w_average" 0.0561265527870282 0.0982710043202182 0.129235114003657 -0.04214445153319 -0.326106815923089
"CLS" 2013 "Winter_w_average" 0.0690165152655123 0.0982710043202182 0.129235114003657 -0.0292544890547059 -0.226366411948057
"CLS" 2014 "Winter_w_average" 0.0519672600091 0.0982710043202182 0.129235114003657 -0.0463037443111182 -0.358290737529801
"CLS" 2015 "Winter_w_average" 0.0605379053352079 0.0982710043202182 0.129235114003657 -0.0377330989850103 -0.291972497381343
"CLS" 2016 "Winter_w_average" 0.0658250329411663 0.0982710043202182 0.129235114003657 -0.032445971379052 -0.251061575866555
"CLS" 2017 "Winter_w_average" 0.0712275506070911 0.0982710043202182 0.129235114003657 -0.0270434537131271 -0.209257785096718
"CLS" 2018 "Winter_w_average" 0.611861539473145 0.0982710043202182 0.129235114003657 0.513590535152927 3.97407886480755
"CLS" 2019 "Winter_w_average" 0.0638406276845219 0.0982710043202182 0.129235114003657 -0.0344303766356964 -0.266416576494234
"CLS" 2020 "Winter_w_average" 0.055102869702589 0.0982710043202182 0.129235114003657 -0.0431681346176293 -0.334027906814921
"CLS" 2021 "Winter_w_average" 0.103132007973727 0.0982710043202182 0.129235114003657 0.00486100365350844 0.0376136446428243
"CLS" 2022 "Winter_w_average" 0.0845959699671224 0.0982710043202182 0.129235114003657 -0.0136750343530958 -0.105815160674589
"CLS" 2023 "Winter_w_average" 0.0864618637227966 0.0982710043202182 0.129235114003657 -0.0118091405974217 -0.091377182497688
"CLS" 2003 "Spring_w_average" 1.58604558839256 1.7148438964188 0.979762747703107 -0.128798308026242 -0.131458670303794
"CLS" 2004 "Spring_w_average" 1.16386142265279 1.7148438964188 0.979762747703107 -0.550982473766011 -0.562363158895049
"CLS" 2005 "Spring_w_average" 1.17508101612388 1.7148438964188 0.979762747703107 -0.53976288029492 -0.550911821826566
"CLS" 2006 "Spring_w_average" 1.4474198071624 1.7148438964188 0.979762747703107 -0.267424089256396 -0.272947802805657
"CLS" 2007 "Spring_w_average" 1.67428685404657 1.7148438964188 0.979762747703107 -0.0405570423722283 -0.0413947585446657
"CLS" 2008 "Spring_w_average" 1.19515964663858 1.7148438964188 0.979762747703107 -0.519684249780221 -0.53041846201903
"CLS" 2009 "Spring_w_average" 0.534833593919778 1.7148438964188 0.979762747703107 -1.18001030249902 -1.2043837196968
"CLS" 2010 "Spring_w_average" 1.20964781553967 1.7148438964188 0.979762747703107 -0.505196080879129 -0.515631036251867
"CLS" 2011 "Spring_w_average" 1.17582312839988 1.7148438964188 0.979762747703107 -0.539020768018917 -0.550154381030064
"CLS" 2012 "Spring_w_average" 1.54729412062136 1.7148438964188 0.979762747703107 -0.167549775797436 -0.171010559638268
"CLS" 2013 "Spring_w_average" 0.734227803142857 1.7148438964188 0.979762747703107 -0.980616093275942 -1.00087097164577
"CLS" 2014 "Spring_w_average" 2.22493249076792 1.7148438964188 0.979762747703107 0.510088594349119 0.52062460584967
"CLS" 2015 "Spring_w_average" 4.49238932840175 1.7148438964188 0.979762747703107 2.77754543198295 2.83491634938606
"CLS" 2016 "Spring_w_average" 2.85609466219301 1.7148438964188 0.979762747703107 1.14125076577421 1.16482359474238
"CLS" 2017 "Spring_w_average" 3.28875202036026 1.7148438964188 0.979762747703107 1.57390812394146 1.60641760225242
"CLS" 2018 "Spring_w_average" 1.56129368403843 1.7148438964188 0.979762747703107 -0.153550212380367 -0.156721831627443
"CLS" 2019 "Spring_w_average" 2.03191401772553 1.7148438964188 0.979762747703107 0.317070121306727 0.323619286454854
"CLS" 2020 "Spring_w_average" 0.968133135411168 1.7148438964188 0.979762747703107 -0.746710761007632 -0.76213426440041
"CLS" 2021 "Spring_w_average" 1.41559151978023 1.7148438964188 0.979762747703107 -0.299252376638572 -0.30543351167425
"CLS" 2022 "Spring_w_average" 3.48098046958001 1.7148438964188 0.979762747703107 1.76613657316121 1.80261657967873
"CLS" 2023 "Spring_w_average" 1.86034516814724 1.7148438964188 0.979762747703107 0.145501271728439 0.148506638030015
"CLS" 2003 "Summer_w_average" 0.505203979812221 0.733000510364675 0.432774607717913 -0.227796530552454 -0.526362976223721
"CLS" 2004 "Summer_w_average" 0.400012356285132 0.733000510364675 0.432774607717913 -0.332988154079543 -0.769426274419012
"CLS" 2005 "Summer_w_average" 0.815351044186622 0.733000510364675 0.432774607717913 0.0823505338219472 0.19028504065013
"CLS" 2006 "Summer_w_average" 0.795264957906619 0.733000510364675 0.432774607717913 0.0622644475419444 0.143872691307548
"CLS" 2007 "Summer_w_average" 0.875459788075575 0.733000510364675 0.432774607717913 0.1424592777109 0.329176608725059
"CLS" 2008 "Summer_w_average" 0.203991710403494 0.733000510364675 0.432774607717913 -0.529008799961181 -1.2223656160206
"CLS" 2009 "Summer_w_average" 0.267532437814687 0.733000510364675 0.432774607717913 -0.465468072549988 -1.07554386105154
"CLS" 2010 "Summer_w_average" 1.27755043036086 0.733000510364675 0.432774607717913 0.544549919996187 1.25827604088808
"CLS" 2011 "Summer_w_average" 0.642076634938115 0.733000510364675 0.432774607717913 -0.0909238754265601 -0.210095217707009
"CLS" 2012 "Summer_w_average" 0.88817903660297 0.733000510364675 0.432774607717913 0.155178526238295 0.35856661521011
"CLS" 2013 "Summer_w_average" 0.428421437371295 0.733000510364675 0.432774607717913 -0.30457907299338 -0.703782217259632
"CLS" 2014 "Summer_w_average" 0.262454866875766 0.733000510364675 0.432774607717913 -0.470545643488909 -1.08727646007276
"CLS" 2015 "Summer_w_average" 0.595071871541083 0.733000510364675 0.432774607717913 -0.137928638823592 -0.318707790068625
"CLS" 2016 "Summer_w_average" 1.75884281492233 0.733000510364675 0.432774607717913 1.02584230455766 2.37038469046759
"CLS" 2017 "Summer_w_average" 1.51100185434883 0.733000510364675 0.432774607717913 0.778001343984158 1.79770561883628
"CLS" 2018 "Summer_w_average" 0.964698149701028 0.733000510364675 0.432774607717913 0.231697639336354 0.535377157541962
"CLS" 2019 "Summer_w_average" 0.582428497247636 0.733000510364675 0.432774607717913 -0.150572013117039 -0.347922476115289
"CLS" 2020 "Summer_w_average" 0.420467318169878 0.733000510364675 0.432774607717913 -0.312533192194797 -0.722161574688571
"CLS" 2021 "Summer_w_average" 1.33922183586553 0.733000510364675 0.432774607717913 0.606221325500853 1.40077840679598
"CLS" 2022 "Summer_w_average" 0.839457730699765 0.733000510364675 0.432774607717913 0.10645722033509 0.245987676810465
"CLS" 2023 "Summer_w_average" 0.403462872495262 0.733000510364675 0.432774607717913 -0.329537637869413 -0.761453264569093
"CLS" 2003 "Fall_w_average" 0.384109940427041 0.643302897939384 0.304463371190851 -0.259192957512343 -0.851310804641487
"CLS" 2004 "Fall_w_average" 0.431596863679677 0.643302897939384 0.304463371190851 -0.211706034259708 -0.695341555969965
"CLS" 2005 "Fall_w_average" 0.720490247728854 0.643302897939384 0.304463371190851 0.0771873497894698 0.25351932972287
"CLS" 2006 "Fall_w_average" 0.698415772760742 0.643302897939384 0.304463371190851 0.0551128748213574 0.181016437562895
"CLS" 2007 "Fall_w_average" 0.541503578903823 0.643302897939384 0.304463371190851 -0.101799319035562 -0.334356538973449
"CLS" 2008 "Fall_w_average" 0.304795163318116 0.643302897939384 0.304463371190851 -0.338507734621268 -1.111817599921
"CLS" 2009 "Fall_w_average" 0.299394270156554 0.643302897939384 0.304463371190851 -0.34390862778283 -1.12955665713644
"CLS" 2010 "Fall_w_average" 0.867245480704263 0.643302897939384 0.304463371190851 0.223942582764879 0.73553209993363
"CLS" 2011 "Fall_w_average" 0.518771025262752 0.643302897939384 0.304463371190851 -0.124531872676632 -0.409020869044277
"CLS" 2012 "Fall_w_average" 0.884888002442166 0.643302897939384 0.304463371190851 0.241585104502782 0.793478386440598
"CLS" 2013 "Fall_w_average" 0.428727316967381 0.643302897939384 0.304463371190851 -0.214575580972003 -0.704766488437447
"CLS" 2014 "Fall_w_average" 0.478829419060053 0.643302897939384 0.304463371190851 -0.164473478879331 -0.540207770268141
"CLS" 2015 "Fall_w_average" 0.867077785967264 0.643302897939384 0.304463371190851 0.22377488802788 0.734981312046262
"CLS" 2016 "Fall_w_average" 1.07205982237087 0.643302897939384 0.304463371190851 0.428756924431487 1.4082381166394
"CLS" 2017 "Fall_w_average" 1.49609097289418 0.643302897939384 0.304463371190851 0.852788074954794 2.80095458320413
"CLS" 2018 "Fall_w_average" 0.449159596162165 0.643302897939384 0.304463371190851 -0.194143301777219 -0.637657334666776
"CLS" 2019 "Fall_w_average" 0.521317199816159 0.643302897939384 0.304463371190851 -0.121985698123226 -0.400658041872497
"CLS" 2020 "Fall_w_average" 0.614979704286858 0.643302897939384 0.304463371190851 -0.0283231936525266 -0.0930266046183017
"CLS" 2021 "Fall_w_average" 0.802464268130656 0.643302897939384 0.304463371190851 0.159161370191272 0.522760322756534
"CLS" 2022 "Fall_w_average" 1.0523772868583 0.643302897939384 0.304463371190851 0.409074388918912 1.34359147150902
"CLS" 2023 "Fall_w_average" 0.730557969215653 0.643302897939384 0.304463371190851 0.0872550712762689 0.286586432170763
"GS" 2003 "spring_timing" 135 134.944444444444 10.9031685746539 0.0555555555555429 0.00509535876430366
"GS" 2004 "spring_timing" 125 134.944444444444 10.9031685746539 -9.94444444444446 -0.912069218810563
"GS" 2005 "spring_timing" 110 134.944444444444 10.9031685746539 -24.9444444444445 -2.28781608517286
"GS" 2006 "spring_timing" 138 134.944444444444 10.9031685746539 3.05555555555554 0.280244732036764
"GS" 2007 "spring_timing" 123 134.944444444444 10.9031685746539 -11.9444444444445 -1.09550213432554
"GS" 2008 "spring_timing" 137 134.944444444444 10.9031685746539 2.05555555555554 0.188528274279277
"GS" 2009 "spring_timing" 148 134.944444444444 10.9031685746539 13.0555555555555 1.19740930961163
"GS" 2010 "spring_timing" 137 134.944444444444 10.9031685746539 2.05555555555554 0.188528274279277
"GS" 2011 "spring_timing" 128 134.944444444444 10.9031685746539 -6.94444444444446 -0.636919845538103
"GS" 2012 "spring_timing" 141 134.944444444444 10.9031685746539 6.05555555555554 0.555394105309224
"GS" 2013 "spring_timing" 141 134.944444444444 10.9031685746539 6.05555555555554 0.555394105309224
"GS" 2014 "spring_timing" 151 134.944444444444 10.9031685746539 16.0555555555555 1.47255868288409
"GS" 2015 "spring_timing" 127 134.944444444444 10.9031685746539 -7.94444444444446 -0.72863630329559
"GS" 2016 "spring_timing" 142 134.944444444444 10.9031685746539 7.05555555555554 0.64711056306671
"GS" 2017 "spring_timing" 134 134.944444444444 10.9031685746539 -0.944444444444457 -0.086621098993183
"GS" 2018 "spring_timing" 148 134.944444444444 10.9031685746539 13.0555555555555 1.19740930961163
"GS" 2019 "spring_timing" 120 134.944444444444 10.9031685746539 -14.9444444444445 -1.370651507598
"GS" 2020 "spring_timing" 144 134.944444444444 10.9031685746539 9.05555555555554 0.830543478581684
"GS" 2021 "spring_timing" 127 134.944444444444 10.9031685746539 -7.94444444444446 -0.72863630329559
"GS" 2022 "spring_timing" 141 134.944444444444 10.9031685746539 6.05555555555554 0.555394105309224
"GS" 2023 "spring_timing" 152 134.944444444444 10.9031685746539 17.0555555555555 1.56427514064158
"GS" 2003 "fall_timing" 254 232.388888888889 32.7883388325589 21.6111111111111 0.659109667661821
"GS" 2004 "fall_timing" 276 232.388888888889 32.7883388325589 43.6111111111111 1.3300799206029
"GS" 2005 "fall_timing" 188 232.388888888889 32.7883388325589 -44.3888888888889 -1.35380109116143
"GS" 2006 "fall_timing" 284 232.388888888889 32.7883388325589 51.6111111111111 1.57406910349057
"GS" 2007 "fall_timing" 216 232.388888888889 32.7883388325589 -16.3888888888889 -0.499838951054594
"GS" 2008 "fall_timing" 210 232.388888888889 32.7883388325589 -22.3888888888889 -0.682830838220344
"GS" 2009 "fall_timing" 264 232.388888888889 32.7883388325589 31.6111111111111 0.964096146271404
"GS" 2010 "fall_timing" 245 232.388888888889 32.7883388325589 12.6111111111111 0.384621836913197
"GS" 2011 "fall_timing" 265 232.388888888889 32.7883388325589 32.6111111111111 0.994594794132363
"GS" 2012 "fall_timing" 222 232.388888888889 32.7883388325589 -10.3888888888889 -0.316847063888845
"GS" 2013 "fall_timing" 209 232.388888888889 32.7883388325589 -23.3888888888889 -0.713329486081303
"GS" 2014 "fall_timing" 210 232.388888888889 32.7883388325589 -22.3888888888889 -0.682830838220344
"GS" 2015 "fall_timing" 199 232.388888888889 32.7883388325589 -33.3888888888889 -1.01831596469089
"GS" 2016 "fall_timing" 197 232.388888888889 32.7883388325589 -35.3888888888889 -1.0793132604128
"GS" 2017 "fall_timing" 283 232.388888888889 32.7883388325589 50.6111111111111 1.54357045562961
"GS" 2018 "fall_timing" 254 232.388888888889 32.7883388325589 21.6111111111111 0.659109667661821
"GS" 2019 "fall_timing" 209 232.388888888889 32.7883388325589 -23.3888888888889 -0.713329486081303
"GS" 2020 "fall_timing" 198 232.388888888889 32.7883388325589 -34.3888888888889 -1.04881461255184
"GS" 2021 "fall_timing" 204 232.388888888889 32.7883388325589 -28.3888888888889 -0.865822725386094
"GS" 2022 "fall_timing" 279 232.388888888889 32.7883388325589 46.6111111111111 1.42157586418578
"GS" 2023 "fall_timing" 236 232.388888888889 32.7883388325589 3.61111111111111 0.110134006164572
"GS" 2003 "Annual_w_average" 2.63352752536249 1.37197360078278 0.580487449156673 1.2615539245797 2.17326649596383
"GS" 2004 "Annual_w_average" 1.31306003447102 1.37197360078278 0.580487449156673 -0.0589135663117621 -0.101489819284381
"GS" 2005 "Annual_w_average" 0.779384683800662 1.37197360078278 0.580487449156673 -0.59258891698212 -1.02084707919702
"GS" 2006 "Annual_w_average" 1.42873976893411 1.37197360078278 0.580487449156673 0.0567661681513318 0.0977905176654572
"GS" 2007 "Annual_w_average" 1.684716316763 1.37197360078278 0.580487449156673 0.312742715980215 0.538758790451998
"GS" 2008 "Annual_w_average" 0.559509171607088 1.37197360078278 0.580487449156673 -0.812464429175694 -1.39962445416526
"GS" 2009 "Annual_w_average" 0.778997578819425 1.37197360078278 0.580487449156673 -0.592976021963358 -1.02151394112797
"GS" 2010 "Annual_w_average" 0.861734069129053 1.37197360078278 0.580487449156673 -0.510239531653729 -0.878984605773992
"GS" 2011 "Annual_w_average" 1.68394620971962 1.37197360078278 0.580487449156673 0.311972608936842 0.537432134648342
"GS" 2012 "Annual_w_average" 1.67975822256073 1.37197360078278 0.580487449156673 0.307784621777946 0.530217530499742
"GS" 2013 "Annual_w_average" 1.07203899101965 1.37197360078278 0.580487449156673 -0.299934609763136 -0.51669439227132
"GS" 2014 "Annual_w_average" 1.86991272165561 1.37197360078278 0.580487449156673 0.497939120872828 0.857794809510919
"GS" 2015 "Annual_w_average" 1.95309427667991 1.37197360078278 0.580487449156673 0.581120675897133 1.00109085345666
"GS" 2016 "Annual_w_average" 1.00528384705426 1.37197360078278 0.580487449156673 -0.366689753728524 -0.631692819993348
"GS" 2017 "Annual_w_average" 1.4046737837171 1.37197360078278 0.580487449156673 0.0327001829343214 0.0563322824323384
"GS" 2018 "Annual_w_average" 2.31683155477044 1.37197360078278 0.580487449156673 0.944857953987661 1.62769747280556
"GS" 2019 "Annual_w_average" 1.14305692136967 1.37197360078278 0.580487449156673 -0.228916679413113 -0.394352504512684
"GS" 2020 "Annual_w_average" 0.527259136656238 1.37197360078278 0.580487449156673 -0.844714464126545 -1.45518127110885
"GS" 2021 "Annual_w_average" 1.41193732515918 1.37197360078278 0.580487449156673 0.0399637243763973 0.0688451135928196
"GS" 2022 "Annual_w_average" 1.65817742234454 1.37197360078278 0.580487449156673 0.286203821561755 0.493040498941966
"GS" 2023 "Annual_w_average" 1.96943258290374 1.37197360078278 0.580487449156673 0.59745898212096 1.02923669235044
"GS" 2003 "Winter_w_average" 0.175038279163337 0.143870998943218 0.035890885278179 0.0311672802201186 0.868389842673168
"GS" 2004 "Winter_w_average" 0.135138221442798 0.143870998943218 0.035890885278179 -0.00873277750042009 -0.243314630796512
"GS" 2005 "Winter_w_average" 0.149244709528689 0.143870998943218 0.035890885278179 0.0053737105854712 0.149723545234988
"GS" 2006 "Winter_w_average" 0.100044989900517 0.143870998943218 0.035890885278179 -0.0438260090427009 -1.22109022118065
"GS" 2007 "Winter_w_average" 0.16028357519885 0.143870998943218 0.035890885278179 0.0164125762556319 0.457290928558131
"GS" 2008 "Winter_w_average" 0.103980746492158 0.143870998943218 0.035890885278179 -0.0398902524510603 -1.11143127682372
"GS" 2009 "Winter_w_average" 0.186744847210571 0.143870998943218 0.035890885278179 0.042873848267353 1.19456090132777
"GS" 2010 "Winter_w_average" 0.173671824332665 0.143870998943218 0.035890885278179 0.0298008253894471 0.830317367723595
"GS" 2011 "Winter_w_average" 0.186547002364352 0.143870998943218 0.035890885278179 0.0426760034211335 1.18904850327221
"GS" 2012 "Winter_w_average" 0.0912286043582884 0.143870998943218 0.035890885278179 -0.0526423945849298 -1.46673435823371
"GS" 2013 "Winter_w_average" 0.0799441228120297 0.143870998943218 0.035890885278179 -0.0639268761311885 -1.78114514690042
"GS" 2014 "Winter_w_average" 0.182257345253632 0.143870998943218 0.035890885278179 0.0383863463104143 1.06952910224682
"GS" 2015 "Winter_w_average" 0.164780274625947 0.143870998943218 0.035890885278179 0.0209092756827292 0.582578989642299
"GS" 2016 "Winter_w_average" 0.152984519094827 0.143870998943218 0.035890885278179 0.00911352015160888 0.253922969048348
"GS" 2017 "Winter_w_average" 0.144788736116719 0.143870998943218 0.035890885278179 0.000917737173500771 0.0255702016372033
"GS" 2018 "Winter_w_average" 0.178000198463494 0.143870998943218 0.035890885278179 0.0341291995202762 0.950915511159768
"GS" 2019 "Winter_w_average" 0.0965668553780161 0.143870998943218 0.035890885278179 -0.047304143565202 -1.31799879547585
"GS" 2020 "Winter_w_average" 0.128433129241035 0.143870998943218 0.035890885278179 -0.0154378697021831 -0.430133433113421
"GS" 2021 "Winter_w_average" 0.178481935520261 0.143870998943218 0.035890885278179 0.0346109365770428 0.964337778485659
"GS" 2022 "Winter_w_average" 0.21843915895489 0.143870998943218 0.035890885278179 0.0745681600116719 2.07763501606933
"GS" 2023 "Winter_w_average" 0.129388489632149 0.143870998943218 0.035890885278179 -0.0144825093110688 -0.403514964839106
"GS" 2003 "Spring_w_average" 5.87813524018303 3.09822789489252 1.76558699150578 2.7799073452905 1.57449469137721
"GS" 2004 "Spring_w_average" 2.07656529859542 3.09822789489252 1.76558699150578 -1.0216625962971 -0.578653219134664
"GS" 2005 "Spring_w_average" 1.76352332403707 3.09822789489252 1.76558699150578 -1.33470457085546 -0.755955145386042
"GS" 2006 "Spring_w_average" 2.85307053003472 3.09822789489252 1.76558699150578 -0.245157364857799 -0.138853178029318
"GS" 2007 "Spring_w_average" 3.41103088888178 3.09822789489252 1.76558699150578 0.312802993989258 0.177166571510863
"GS" 2008 "Spring_w_average" 0.919151553932619 3.09822789489252 1.76558699150578 -2.1790763409599 -1.23419369957041
"GS" 2009 "Spring_w_average" 2.14552074343219 3.09822789489252 1.76558699150578 -0.952707151460338 -0.539597967159819
"GS" 2010 "Spring_w_average" 1.5271642837776 3.09822789489252 1.76558699150578 -1.57106361111492 -0.889825094245308
"GS" 2011 "Spring_w_average" 3.58976520697921 3.09822789489252 1.76558699150578 0.491537312086685 0.278398806998163
"GS" 2012 "Spring_w_average" 4.19066859680948 3.09822789489252 1.76558699150578 1.09244070191695 0.618740796784682
"GS" 2013 "Spring_w_average" 2.31152108483999 3.09822789489252 1.76558699150578 -0.786706810052535 -0.445578050720454
"GS" 2014 "Spring_w_average" 4.65205376226557 3.09822789489252 1.76558699150578 1.55382586737305 0.880061914167066
"GS" 2015 "Spring_w_average" 4.84080706277842 3.09822789489252 1.76558699150578 1.7425791678859 0.986968739727599
"GS" 2016 "Spring_w_average" 1.58582425807063 3.09822789489252 1.76558699150578 -1.51240363682189 -0.856601030760905
"GS" 2017 "Spring_w_average" 4.010434069482 3.09822789489252 1.76558699150578 0.912206174589477 0.516658866981968
"GS" 2018 "Spring_w_average" 7.20809924163682 3.09822789489252 1.76558699150578 4.1098713467443 2.32776485470093
"GS" 2019 "Spring_w_average" 2.07003727501938 3.09822789489252 1.76558699150578 -1.02819061987315 -0.582350586416734
"GS" 2020 "Spring_w_average" 0.734729687309496 3.09822789489252 1.76558699150578 -2.36349820758303 -1.33864727082483
"GS" 2021 "Spring_w_average" 2.63495693194829 3.09822789489252 1.76558699150578 -0.463270962944229 -0.262389202669153
"GS" 2022 "Spring_w_average" 2.86850848678227 3.09822789489252 1.76558699150578 -0.229719408110253 -0.130109368281162
"GS" 2023 "Spring_w_average" 6.00128535649653 3.09822789489252 1.76558699150578 2.903057461604 1.64424493132912
"GS" 2003 "Summer_w_average" 0.207194610551616 0.569895111122475 0.293339215104952 -0.36270050057086 -1.23645418646495
"GS" 2004 "Summer_w_average" 1.11074107204608 0.569895111122475 0.293339215104952 0.540845960923607 1.84375607853898
"GS" 2005 "Summer_w_average" 0.826060189224199 0.569895111122475 0.293339215104952 0.256165078101723 0.873272528564146
"GS" 2006 "Summer_w_average" 0.668898776969837 0.569895111122475 0.293339215104952 0.099003665847362 0.33750572971275
"GS" 2007 "Summer_w_average" 0.395542500046106 0.569895111122475 0.293339215104952 -0.174352611076369 -0.594371983350364
"GS" 2008 "Summer_w_average" 0.86685220988861 0.569895111122475 0.293339215104952 0.296957098766135 1.01233344699545
"GS" 2009 "Summer_w_average" 0.346049874740884 0.569895111122475 0.293339215104952 -0.223845236381592 -0.763093459227754
"GS" 2010 "Summer_w_average" 0.359244724024135 0.569895111122475 0.293339215104952 -0.210650387098341 -0.71811192043646
"GS" 2011 "Summer_w_average" 0.708560570018497 0.569895111122475 0.293339215104952 0.138665458896021 0.472713676711821
"GS" 2012 "Summer_w_average" 0.252452839079291 0.569895111122475 0.293339215104952 -0.317442272043184 -1.08216786470097
"GS" 2013 "Summer_w_average" 0.204312701497161 0.569895111122475 0.293339215104952 -0.365582409625314 -1.24627867942755
"GS" 2014 "Summer_w_average" 0.334432037073971 0.569895111122475 0.293339215104952 -0.235463074048504 -0.802698929852457
"GS" 2015 "Summer_w_average" 0.572178313918766 0.569895111122475 0.293339215104952 0.00228320279629013 0.00778348982584289
"GS" 2016 "Summer_w_average" 0.987374867392273 0.569895111122475 0.293339215104952 0.417479756269797 1.42319790458439
"GS" 2017 "Summer_w_average" 0.665161823334988 0.569895111122475 0.293339215104952 0.0952667122125124 0.324766370491677
"GS" 2018 "Summer_w_average" 0.372460024023097 0.569895111122475 0.293339215104952 -0.197435087099379 -0.673060664694081
"GS" 2019 "Summer_w_average" 0.38221636505049 0.569895111122475 0.293339215104952 -0.187678746071986 -0.639801078096011
"GS" 2020 "Summer_w_average" 0.998378501324556 0.569895111122475 0.293339215104952 0.42848339020208 1.46070954082555
"GS" 2021 "Summer_w_average" 0.561234219821992 0.569895111122475 0.293339215104952 -0.00866089130048331 -0.0295251737732529
"GS" 2022 "Summer_w_average" 0.468445397390608 0.569895111122475 0.293339215104952 -0.101449713731867 -0.345844362116979
"GS" 2023 "Summer_w_average" 0.635429177131202 0.569895111122475 0.293339215104952 0.0655340660087261 0.223407109019772
"GS" 2003 "Fall_w_average" 0.820143045829161 0.602789206508684 0.240692664132883 0.217353839320477 0.903034748082225
"GS" 2004 "Fall_w_average" 1.1934917540663 0.602789206508684 0.240692664132883 0.590702547557612 2.45417761146012
"GS" 2005 "Fall_w_average" 0.528825185867933 0.602789206508684 0.240692664132883 -0.0739640206407509 -0.307296530649212
"GS" 2006 "Fall_w_average" 0.407756872069554 0.602789206508684 0.240692664132883 -0.19503233443913 -0.8102961307182
"GS" 2007 "Fall_w_average" 0.435152114273428 0.602789206508684 0.240692664132883 -0.167637092235256 -0.696477779408789
"GS" 2008 "Fall_w_average" 0.483988951106858 0.602789206508684 0.240692664132883 -0.118800255401825 -0.493576552612494
"GS" 2009 "Fall_w_average" 0.310784085979642 0.602789206508684 0.240692664132883 -0.292005120529041 -1.2131866236182
"GS" 2010 "Fall_w_average" 0.705015625058735 0.602789206508684 0.240692664132883 0.102226418550052 0.424717632829948
"GS" 2011 "Fall_w_average" 0.415210640774065 0.602789206508684 0.240692664132883 -0.187578565734619 -0.779328137857412
"GS" 2012 "Fall_w_average" 0.390865528093033 0.602789206508684 0.240692664132883 -0.211923678415651 -0.880474189685528
"GS" 2013 "Fall_w_average" 0.739301839926668 0.602789206508684 0.240692664132883 0.136512633417984 0.567165741879933
"GS" 2014 "Fall_w_average" 0.40394819853186 0.602789206508684 0.240692664132883 -0.198841007976824 -0.826119934702484
"GS" 2015 "Fall_w_average" 0.725935711632651 0.602789206508684 0.240692664132883 0.123146505123968 0.511633811390198
"GS" 2016 "Fall_w_average" 0.831176005920533 0.602789206508684 0.240692664132883 0.228386799411849 0.948873120976219
"GS" 2017 "Fall_w_average" 0.397781660431372 0.602789206508684 0.240692664132883 -0.205007546077312 -0.851739901653713
"GS" 2018 "Fall_w_average" 0.764058020886683 0.602789206508684 0.240692664132883 0.161268814377999 0.670019649161242
"GS" 2019 "Fall_w_average" 0.902802973916887 0.602789206508684 0.240692664132883 0.300013767408203 1.24645995543333
"GS" 2020 "Fall_w_average" 0.393967502790949 0.602789206508684 0.240692664132883 -0.208821703717735 -0.86758649030719
"GS" 2021 "Fall_w_average" 0.952200446312587 0.602789206508684 0.240692664132883 0.349411239803904 1.4516904412633
"GS" 2022 "Fall_w_average" 1.12303865848812 0.602789206508684 0.240692664132883 0.520249451979438 2.16146783639495
"GS" 2023 "Fall_w_average" 0.445168243189066 0.602789206508684 0.240692664132883 -0.157620963319618 -0.654864010448601
"LAS" 2003 "spring_timing" 153 153.277777777778 14.4946462958511 -0.277777777777771 -0.0191641639339127
"LAS" 2004 "spring_timing" 160 153.277777777778 14.4946462958511 6.72222222222223 0.463772767200699
"LAS" 2005 "spring_timing" 145 153.277777777778 14.4946462958511 -8.27777777777777 -0.571092085230612
"LAS" 2006 "spring_timing" 132 153.277777777778 14.4946462958511 -21.2777777777778 -1.46797495733775
"LAS" 2007 "spring_timing" 171 153.277777777778 14.4946462958511 17.7222222222222 1.22267365898366
"LAS" 2008 "spring_timing" 146 153.277777777778 14.4946462958511 -7.27777777777777 -0.502101095068525
"LAS" 2009 "spring_timing" 166 153.277777777778 14.4946462958511 12.7222222222222 0.877718708173224
"LAS" 2010 "spring_timing" 137 153.277777777778 14.4946462958511 -16.2777777777778 -1.12302000652731
"LAS" 2011 "spring_timing" 148 153.277777777778 14.4946462958511 -5.27777777777777 -0.36411911474435
"LAS" 2012 "spring_timing" 143 153.277777777778 14.4946462958511 -10.2777777777778 -0.709074065554787
"LAS" 2013 "spring_timing" 140 153.277777777778 14.4946462958511 -13.2777777777778 -0.916047036041049
"LAS" 2014 "spring_timing" 169 153.277777777778 14.4946462958511 15.7222222222222 1.08469167865949
"LAS" 2015 "spring_timing" 147 153.277777777778 14.4946462958511 -6.27777777777777 -0.433110104906437
"LAS" 2016 "spring_timing" 150 153.277777777778 14.4946462958511 -3.27777777777777 -0.226137134420175
"LAS" 2017 "spring_timing" 145 153.277777777778 14.4946462958511 -8.27777777777777 -0.571092085230612
"LAS" 2018 "spring_timing" 192 153.277777777778 14.4946462958511 38.7222222222222 2.6714844523875
"LAS" 2019 "spring_timing" 157 153.277777777778 14.4946462958511 3.72222222222223 0.256799796714437
"LAS" 2020 "spring_timing" 158 153.277777777778 14.4946462958511 4.72222222222223 0.325790786876524
"LAS" 2021 "spring_timing" 138 153.277777777778 14.4946462958511 -15.2777777777778 -1.05402901636522
"LAS" 2022 "spring_timing" 137 153.277777777778 14.4946462958511 -16.2777777777778 -1.12302000652731
"LAS" 2023 "spring_timing" 150 153.277777777778 14.4946462958511 -3.27777777777777 -0.226137134420175
"LAS" 2003 "fall_timing" 256 257.944444444444 7.87753486539765 -1.94444444444446 -0.246834127384888
"LAS" 2004 "fall_timing" 249 257.944444444444 7.87753486539765 -8.94444444444446 -1.13543698597048
"LAS" 2005 "fall_timing" 260 257.944444444444 7.87753486539765 2.05555555555554 0.260938934664021
"LAS" 2006 "fall_timing" 260 257.944444444444 7.87753486539765 2.05555555555554 0.260938934664021
"LAS" 2007 "fall_timing" 256 257.944444444444 7.87753486539765 -1.94444444444446 -0.246834127384888
"LAS" 2008 "fall_timing" 260 257.944444444444 7.87753486539765 2.05555555555554 0.260938934664021
"LAS" 2009 "fall_timing" 255 257.944444444444 7.87753486539765 -2.94444444444446 -0.373777392897115
"LAS" 2010 "fall_timing" 287 257.944444444444 7.87753486539765 29.0555555555555 3.68840710349415
"LAS" 2011 "fall_timing" 261 257.944444444444 7.87753486539765 3.05555555555554 0.387882200176248
"LAS" 2012 "fall_timing" 258 257.944444444444 7.87753486539765 0.0555555555555429 0.00705240363956657
"LAS" 2013 "fall_timing" 254 257.944444444444 7.87753486539765 -3.94444444444446 -0.500720658409342
"LAS" 2014 "fall_timing" 256 257.944444444444 7.87753486539765 -1.94444444444446 -0.246834127384888
"LAS" 2015 "fall_timing" 252 257.944444444444 7.87753486539765 -5.94444444444446 -0.754607189433796
"LAS" 2016 "fall_timing" 259 257.944444444444 7.87753486539765 1.05555555555554 0.133995669151794
"LAS" 2017 "fall_timing" 254 257.944444444444 7.87753486539765 -3.94444444444446 -0.500720658409342
"LAS" 2018 "fall_timing" 255 257.944444444444 7.87753486539765 -2.94444444444446 -0.373777392897115
"LAS" 2019 "fall_timing" 256 257.944444444444 7.87753486539765 -1.94444444444446 -0.246834127384888
"LAS" 2020 "fall_timing" 255 257.944444444444 7.87753486539765 -2.94444444444446 -0.373777392897115
"LAS" 2021 "fall_timing" 258 257.944444444444 7.87753486539765 0.0555555555555429 0.00705240363956657
"LAS" 2022 "fall_timing" 263 257.944444444444 7.87753486539765 5.05555555555554 0.641768731200702
"LAS" 2023 "fall_timing" 241 257.944444444444 7.87753486539765 -16.9444444444445 -2.15098311006829
"LAS" 2003 "Annual_w_average" 1.11408876468139 0.714178086219211 0.236060553182129 0.399910678462174 1.69410209825963
"LAS" 2004 "Annual_w_average" 0.68032563492232 0.714178086219211 0.236060553182129 -0.0338524512968917 -0.143405794998597
"LAS" 2005 "Annual_w_average" 0.725511731810227 0.714178086219211 0.236060553182129 0.0113336455910159 0.0480116031172375
"LAS" 2006 "Annual_w_average" 0.683392654537443 0.714178086219211 0.236060553182129 -0.0307854316817679 -0.130413282807212
"LAS" 2007 "Annual_w_average" 0.461114715182016 0.714178086219211 0.236060553182129 -0.253063371037195 -1.07202735749733
"LAS" 2008 "Annual_w_average" 0.468636271166795 0.714178086219211 0.236060553182129 -0.245541815052416 -1.04016453296613
"LAS" 2009 "Annual_w_average" 0.819320525570934 0.714178086219211 0.236060553182129 0.105142439351723 0.445404528348292
"LAS" 2010 "Annual_w_average" 1.10062073486964 0.714178086219211 0.236060553182129 0.386442648650427 1.63704881413318
"LAS" 2011 "Annual_w_average" 0.676296458381529 0.714178086219211 0.236060553182129 -0.0378816278376828 -0.160474197518532
"LAS" 2012 "Annual_w_average" 0.452723177813515 0.714178086219211 0.236060553182129 -0.261454908405696 -1.10757559821515
"LAS" 2013 "Annual_w_average" 0.435877041990559 0.714178086219211 0.236060553182129 -0.278301044228652 -1.17893921909915
"LAS" 2014 "Annual_w_average" 0.430754980099959 0.714178086219211 0.236060553182129 -0.283423106119252 -1.2006373038556
"LAS" 2015 "Annual_w_average" 0.957828095799891 0.714178086219211 0.236060553182129 0.24365000958068 1.03215046434588
"LAS" 2016 "Annual_w_average" 1.12714540719036 0.714178086219211 0.236060553182129 0.412967320971148 1.74941266299808
"LAS" 2017 "Annual_w_average" 0.519926534525585 0.714178086219211 0.236060553182129 -0.194251551693626 -0.82288865748677
"LAS" 2018 "Annual_w_average" 0.653227142906765 0.714178086219211 0.236060553182129 -0.0609509433124468 -0.258200459546585
"LAS" 2019 "Annual_w_average" 0.639859479482086 0.714178086219211 0.236060553182129 -0.0743186067371256 -0.314828571463129
"LAS" 2020 "Annual_w_average" 0.908556201014797 0.714178086219211 0.236060553182129 0.194378114795586 0.823424804251884
"LAS" 2021 "Annual_w_average" 0.958368873718914 0.714178086219211 0.236060553182129 0.244190787499702 1.03444130841844
"LAS" 2022 "Annual_w_average" 0.556062152430693 0.714178086219211 0.236060553182129 -0.158115933788518 -0.669810909349713
"LAS" 2023 "Annual_w_average" 1.19346191380787 0.714178086219211 0.236060553182129 0.479283827588659 2.03034272828665
"LAS" 2003 "Winter_w_average" 0.129969612463732 0.219051090897867 0.195186704966646 -0.0890814784341348 -0.456391117670423
"LAS" 2004 "Winter_w_average" 0.217475943287305 0.219051090897867 0.195186704966646 -0.00157514761056232 -0.00806995338556223
"LAS" 2005 "Winter_w_average" 0.217924526571177 0.219051090897867 0.195186704966646 -0.00112656432668987 -0.00577172675199561
"LAS" 2006 "Winter_w_average" 0.165543727427064 0.219051090897867 0.195186704966646 -0.0535073634708036 -0.274134262781612
"LAS" 2007 "Winter_w_average" 0.155378929060778 0.219051090897867 0.195186704966646 -0.0636721618370894 -0.32621157187919
"LAS" 2008 "Winter_w_average" 0.141203601766429 0.219051090897867 0.195186704966646 -0.077847489131438 -0.398836022897875
"LAS" 2009 "Winter_w_average" 0.160578943159335 0.219051090897867 0.195186704966646 -0.0584721477385318 -0.299570340861708
"LAS" 2010 "Winter_w_average" 0.239428685564501 0.219051090897867 0.195186704966646 0.0203775946666342 0.104400525999536
"LAS" 2011 "Winter_w_average" 0.270641273177247 0.219051090897867 0.195186704966646 0.0515901822793793 0.264311968831049
"LAS" 2012 "Winter_w_average" 0.160061991688677 0.219051090897867 0.195186704966646 -0.0589890992091904 -0.302218838210679
"LAS" 2013 "Winter_w_average" 0.173309756072424 0.219051090897867 0.195186704966646 -0.0457413348254433 -0.234346570035391
"LAS" 2014 "Winter_w_average" 0.128209131443249 0.219051090897867 0.195186704966646 -0.0908419594546182 -0.465410589671778
"LAS" 2015 "Winter_w_average" 0.145627869813955 0.219051090897867 0.195186704966646 -0.0734232210839122 -0.376169171442588
"LAS" 2016 "Winter_w_average" 0.121478643756376 0.219051090897867 0.195186704966646 -0.0975724471414913 -0.499892895667072
"LAS" 2017 "Winter_w_average" 0.175395083418721 0.219051090897867 0.195186704966646 -0.043656007479146 -0.223662812928811
"LAS" 2018 "Winter_w_average" 0.984592892626627 0.219051090897867 0.195186704966646 0.76554180172876 3.92210013412326
"LAS" 2019 "Winter_w_average" 0.168225194955202 0.219051090897867 0.195186704966646 -0.0508258959426652 -0.260396300820542
"LAS" 2020 "Winter_w_average" 0.187873829908811 0.219051090897867 0.195186704966646 -0.0311772609890567 -0.159730453948615
"LAS" 2021 "Winter_w_average" 0.272868416739779 0.219051090897867 0.195186704966646 0.0538173258419117 0.275722292925166
"LAS" 2022 "Winter_w_average" 0.195621732104917 0.219051090897867 0.195186704966646 -0.0234293587929503 -0.120035628435625
"LAS" 2023 "Winter_w_average" 0.141437451237964 0.219051090897867 0.195186704966646 -0.0776136396599032 -0.39763794195494
"LAS" 2003 "Spring_w_average" 2.1754041861782 1.08184045577333 0.521648920919267 1.09356373040487 2.09635961381413
"LAS" 2004 "Spring_w_average" 0.774422977636866 1.08184045577333 0.521648920919267 -0.307417478136464 -0.589318727228885
"LAS" 2005 "Spring_w_average" 1.07372684295955 1.08184045577333 0.521648920919267 -0.00811361281378331 -0.0155537804995077
"LAS" 2006 "Spring_w_average" 1.07146183007736 1.08184045577333 0.521648920919267 -0.0103786256959697 -0.0198958059333855
"LAS" 2007 "Spring_w_average" 0.480980025960429 1.08184045577333 0.521648920919267 -0.600860429812901 -1.15184831352482
"LAS" 2008 "Spring_w_average" 0.736643132343041 1.08184045577333 0.521648920919267 -0.345197323430289 -0.661742619580179
"LAS" 2009 "Spring_w_average" 1.2250847168399 1.08184045577333 0.521648920919267 0.143244261066571 0.274598978972566
"LAS" 2010 "Spring_w_average" 2.04584987445896 1.08184045577333 0.521648920919267 0.964009418685629 1.84800424198486
"LAS" 2011 "Spring_w_average" 1.0577441010862 1.08184045577333 0.521648920919267 -0.0240963546871307 -0.0461926666016433
"LAS" 2012 "Spring_w_average" 0.84893023295046 1.08184045577333 0.521648920919267 -0.23291022282287 -0.44648845896667
"LAS" 2013 "Spring_w_average" 0.670799011349455 1.08184045577333 0.521648920919267 -0.411041444423875 -0.787965675649293
"LAS" 2014 "Spring_w_average" 0.695963499172103 1.08184045577333 0.521648920919267 -0.385876956601227 -0.739725399836391
"LAS" 2015 "Spring_w_average" 1.69330273415727 1.08184045577333 0.521648920919267 0.611462278383942 1.17217203728976
"LAS" 2016 "Spring_w_average" 1.77504668030402 1.08184045577333 0.521648920919267 0.693206224530688 1.32887502826441
"LAS" 2017 "Spring_w_average" 0.557908861634029 1.08184045577333 0.521648920919267 -0.523931594139301 -1.00437588026831
"LAS" 2018 "Spring_w_average" 0.799538067545443 1.08184045577333 0.521648920919267 -0.282302388227886 -0.541173147124322
"LAS" 2019 "Spring_w_average" 0.538503708996473 1.08184045577333 0.521648920919267 -0.543336746776857 -1.04157552136669
"LAS" 2020 "Spring_w_average" 1.25181772027018 1.08184045577333 0.521648920919267 0.169977264496847 0.325846096254369
"LAS" 2021 "Spring_w_average" 1.10007723350888 1.08184045577333 0.521648920919267 0.0182367777355548 0.0349598686093653
"LAS" 2022 "Spring_w_average" 0.857355708260493 1.08184045577333 0.521648920919267 -0.224484747512836 -0.430336838648572
"LAS" 2023 "Spring_w_average" 2.48413177147151 1.08184045577333 0.521648920919267 1.40229131569818 2.68818981399792
"LAS" 2003 "Summer_w_average" 0.33637184022424 0.346431175908014 0.102326755021268 -0.0100593356837739 -0.0983060166589191
"LAS" 2004 "Summer_w_average" 0.521466619627436 0.346431175908014 0.102326755021268 0.175035443719422 1.71055403528668
"LAS" 2005 "Summer_w_average" 0.294377871950973 0.346431175908014 0.102326755021268 -0.0520533039570411 -0.508696908704102
"LAS" 2006 "Summer_w_average" 0.218924963428624 0.346431175908014 0.102326755021268 -0.12750621247939 -1.24606914831696
"LAS" 2007 "Summer_w_average" 0.397409991821199 0.346431175908014 0.102326755021268 0.0509788159131843 0.498196350530109
"LAS" 2008 "Summer_w_average" 0.213487469759626 0.346431175908014 0.102326755021268 -0.132943706148389 -1.29920768151748
"LAS" 2009 "Summer_w_average" 0.31800443409586 0.346431175908014 0.102326755021268 -0.0284267418121544 -0.277803608706696
"LAS" 2010 "Summer_w_average" 0.52664380982916 0.346431175908014 0.102326755021268 0.180212633921146 1.76114872287008
"LAS" 2011 "Summer_w_average" 0.32719938542188 0.346431175908014 0.102326755021268 -0.019231790486134 -0.187944887748436
"LAS" 2012 "Summer_w_average" 0.196626325863681 0.346431175908014 0.102326755021268 -0.149804850044334 -1.46398515239927
"LAS" 2013 "Summer_w_average" 0.299105765535947 0.346431175908014 0.102326755021268 -0.0473254103720678 -0.462493024060338
"LAS" 2014 "Summer_w_average" 0.250478113750139 0.346431175908014 0.102326755021268 -0.0959530621578755 -0.937712352335731
"LAS" 2015 "Summer_w_average" 0.370555600265666 0.346431175908014 0.102326755021268 0.024124424357652 0.235758715818144
"LAS" 2016 "Summer_w_average" 0.512455023300913 0.346431175908014 0.102326755021268 0.166023847392899 1.62248717218084
"LAS" 2017 "Summer_w_average" 0.29400873413092 0.346431175908014 0.102326755021268 -0.0524224417770948 -0.512304350569887
"LAS" 2018 "Summer_w_average" 0.433749442715741 0.346431175908014 0.102326755021268 0.0873182668077269 0.853327820173503
"LAS" 2019 "Summer_w_average" 0.389372549221936 0.346431175908014 0.102326755021268 0.0429413733139219 0.41964951693227
"LAS" 2020 "Summer_w_average" 0.335523225400317 0.346431175908014 0.102326755021268 -0.0109079505076971 -0.106599202773799
"LAS" 2021 "Summer_w_average" 0.490696510172733 0.346431175908014 0.102326755021268 0.144265334264719 1.40984959637129
"LAS" 2022 "Summer_w_average" 0.242026151759633 0.346431175908014 0.102326755021268 -0.104405024148381 -1.0203101244311
"LAS" 2023 "Summer_w_average" 0.404767297780297 0.346431175908014 0.102326755021268 0.0583361218722829 0.570096470470093
"LAS" 2003 "Fall_w_average" 1.08694723931834 0.895313872557952 0.308845097412186 0.191633366760391 0.620483758253207
"LAS" 2004 "Fall_w_average" 1.06012044303181 0.895313872557952 0.308845097412186 0.164806570473862 0.533622103296365
"LAS" 2005 "Fall_w_average" 1.16688222265207 0.895313872557952 0.308845097412186 0.271568350094114 0.879302771420319
"LAS" 2006 "Fall_w_average" 0.737168693732157 0.895313872557952 0.308845097412186 -0.158145178825795 -0.512053389064271
"LAS" 2007 "Fall_w_average" 0.601979424180286 0.895313872557952 0.308845097412186 -0.293334448377665 -0.949778548649517
"LAS" 2008 "Fall_w_average" 0.566640946001487 0.895313872557952 0.308845097412186 -0.328672926556464 -1.06419991546058
"LAS" 2009 "Fall_w_average" 1.5681212597709 0.895313872557952 0.308845097412186 0.672807387212947 2.17846225454249
"LAS" 2010 "Fall_w_average" 0.819968159697156 0.895313872557952 0.308845097412186 -0.0753457128607959 -0.243959556075579
"LAS" 2011 "Fall_w_average" 0.86748903646908 0.895313872557952 0.308845097412186 -0.0278248360888713 -0.0900931772011784
"LAS" 2012 "Fall_w_average" 0.563784418774293 0.895313872557952 0.308845097412186 -0.331529453783659 -1.07344897672505
"LAS" 2013 "Fall_w_average" 0.553567379533733 0.895313872557952 0.308845097412186 -0.341746493024218 -1.10653041245502
"LAS" 2014 "Fall_w_average" 0.555330438148526 0.895313872557952 0.308845097412186 -0.339983434409425 -1.10082185943098
"LAS" 2015 "Fall_w_average" 0.774260383934508 0.895313872557952 0.308845097412186 -0.121053488623444 -0.391955351202759
"LAS" 2016 "Fall_w_average" 1.24045052004374 0.895313872557952 0.308845097412186 0.345136647485789 1.11750728885674
"LAS" 2017 "Fall_w_average" 0.81806738583294 0.895313872557952 0.308845097412186 -0.0772464867250112 -0.250114013051396
"LAS" 2018 "Fall_w_average" 0.668711437596103 0.895313872557952 0.308845097412186 -0.226602434961849 -0.733709023910533
"LAS" 2019 "Fall_w_average" 1.08448344132953 0.895313872557952 0.308845097412186 0.18916956877158 0.612506302857425
"LAS" 2020 "Fall_w_average" 1.38167687599647 0.895313872557952 0.308845097412186 0.486363003438516 1.57477974400032
"LAS" 2021 "Fall_w_average" 1.28164936484528 0.895313872557952 0.308845097412186 0.386335492287333 1.25090375571585
"LAS" 2022 "Fall_w_average" 0.664356495629048 0.895313872557952 0.308845097412186 -0.230957376928904 -0.747809755971832
"LAS" 2023 "Fall_w_average" 0.799312309202536 0.895313872557952 0.308845097412186 -0.0960015633554151 -0.310840496287014
