"polygon" "year" "index" "mean_annual" "mean_climatology" "sd_climatology" "anomaly" "standardized_anomaly"
"CLS" 1997 "Chlorophyll_A_0_100" 199.159285714286 164.661467048945 83.6401199054236 34.4978186653405 0.412455394664057
"CLS" 1998 "Chlorophyll_A_0_100" NA NA NA NA NA
"CLS" 1999 "Chlorophyll_A_0_100" NA NA NA NA NA
"CLS" 2000 "Chlorophyll_A_0_100" 187.442544666667 164.661467048945 83.6401199054236 22.7810776177215 0.272370217109699
"CLS" 2001 "Chlorophyll_A_0_100" 99.7405167647059 164.661467048945 83.6401199054236 -64.9209502842393 -0.776193893046172
"CLS" 2002 "Chlorophyll_A_0_100" NA NA NA NA NA
"CLS" 2003 "Chlorophyll_A_0_100" NA NA NA NA NA
"CLS" 2004 "Chlorophyll_A_0_100" 114.804746503571 164.661467048945 83.6401199054236 -49.8567205453738 -0.596086191671527
"CLS" 2005 "Chlorophyll_A_0_100" 69.8693423076923 164.661467048945 83.6401199054236 -94.7921247412529 -1.13333320000545
"CLS" 2006 "Chlorophyll_A_0_100" 249.821091666667 164.661467048945 83.6401199054236 85.1596246177214 1.01816717520271
"CLS" 2007 "Chlorophyll_A_0_100" 145.338366666667 164.661467048945 83.6401199054236 -19.3231003822785 -0.23102669393741
"CLS" 2008 "Chlorophyll_A_0_100" 224.501119230769 164.661467048945 83.6401199054236 59.839652181824 0.71544197030669
"CLS" 2009 "Chlorophyll_A_0_100" 236.092353846154 164.661467048945 83.6401199054236 71.4308867972086 0.854026594868341
"CLS" 2010 "Chlorophyll_A_0_100" 160.0651915 164.661467048945 83.6401199054236 -4.59627554894521 -0.0549530004756387
"CLS" 2011 "Chlorophyll_A_0_100" 192.656557692308 164.661467048945 83.6401199054236 27.9950906433625 0.334708877450415
"CLS" 2012 "Chlorophyll_A_0_100" 237.930816428571 164.661467048945 83.6401199054236 73.2693493796262 0.876007225509431
"CLS" 2013 "Chlorophyll_A_0_100" 262.014168833333 164.661467048945 83.6401199054236 97.3527017843881 1.16394742014323
"CLS" 2014 "Chlorophyll_A_0_100" 92.2186096631579 164.661467048945 83.6401199054236 -72.4428573857873 -0.866125699816098
"CLS" 2015 "Chlorophyll_A_0_100" 330.183157680556 164.661467048945 83.6401199054236 165.52169063161 1.9789748127905
"CLS" 2016 "Chlorophyll_A_0_100" 83.914015375 164.661467048945 83.6401199054236 -80.7474516739452 -0.965415302671144
"CLS" 2017 "Chlorophyll_A_0_100" NA NA NA NA NA
"CLS" 2018 "Chlorophyll_A_0_100" 32.58117319375 164.661467048945 83.6401199054236 -132.080293855195 -1.57914998214428
"CLS" 2019 "Chlorophyll_A_0_100" 80.0711678125 164.661467048945 83.6401199054236 -84.5902992364452 -1.0113603296133
"CLS" 2020 "Chlorophyll_A_0_100" NA NA NA NA NA
"CLS" 2021 "Chlorophyll_A_0_100" NA NA NA NA NA
"CLS" 2022 "Chlorophyll_A_0_100" 277.040520509375 164.661467048945 83.6401199054236 112.37905346043 1.34360225197552
"CLS" 2023 "Chlorophyll_A_0_100" 196.145582730769 164.661467048945 83.6401199054236 31.484115681824 0.37642360768283
"CLS" 1997 "Nitrate_0_100" 1199.95571428571 1084.59959969488 108.142059422481 115.356114590838 1.06670906034972
"CLS" 1998 "Nitrate_0_100" NA NA NA NA NA
"CLS" 1999 "Nitrate_0_100" NA NA NA NA NA
"CLS" 2000 "Nitrate_0_100" 1061.16482894737 1084.59959969488 108.142059422481 -23.4347707475076 -0.216703573731239
"CLS" 2001 "Nitrate_0_100" 1009.15753136364 1084.59959969488 108.142059422481 -75.4420683312397 -0.697620044727541
"CLS" 2002 "Nitrate_0_100" NA NA NA NA NA
"CLS" 2003 "Nitrate_0_100" NA NA NA NA NA
"CLS" 2004 "Nitrate_0_100" 1152.0718628125 1084.59959969488 108.142059422481 67.4722631176239 0.623922491193074
"CLS" 2005 "Nitrate_0_100" 1094.70246153846 1084.59959969488 108.142059422481 10.1028618435853 0.0934221328642929
"CLS" 2006 "Nitrate_0_100" 983.770683333333 1084.59959969488 108.142059422481 -100.828916361543 -0.932374664399835
"CLS" 2007 "Nitrate_0_100" 1086.74448333333 1084.59959969488 108.142059422481 2.14488363845726 0.0198339448121456
"CLS" 2008 "Nitrate_0_100" 1022.16228125 1084.59959969488 108.142059422481 -62.4373184448762 -0.577363874687746
"CLS" 2009 "Nitrate_0_100" 1181.725890625 1084.59959969488 108.142059422481 97.1262909301238 0.898136131758673
"CLS" 2010 "Nitrate_0_100" 1108.89302083333 1084.59959969488 108.142059422481 24.2934211384572 0.224643596286155
"CLS" 2011 "Nitrate_0_100" 1039.599546875 1084.59959969488 108.142059422481 -45.0000528198761 -0.416119806301019
"CLS" 2012 "Nitrate_0_100" 881.45075 1084.59959969488 108.142059422481 -203.148849694876 -1.87853690580489
"CLS" 2013 "Nitrate_0_100" 1068.03512894737 1084.59959969488 108.142059422481 -16.5644707475076 -0.153173250407547
"CLS" 2014 "Nitrate_0_100" 1316.62760125 1084.59959969488 108.142059422481 232.028001555124 2.14558519408859
"CLS" 2015 "Nitrate_0_100" 982.022732894737 1084.59959969488 108.142059422481 -102.576866800139 -0.948538129826064
"CLS" 2016 "Nitrate_0_100" 1184.07393235294 1084.59959969488 108.142059422481 99.4743326580651 0.919848698917841
"CLS" 2017 "Nitrate_0_100" NA NA NA NA NA
"CLS" 2018 "Nitrate_0_100" 1254.69068970588 1084.59959969488 108.142059422481 170.091090011006 1.57284863002754
"CLS" 2019 "Nitrate_0_100" 1011.29976875 1084.59959969488 108.142059422481 -73.2998309448761 -0.677810570062421
"CLS" 2020 "Nitrate_0_100" NA NA NA NA NA
"CLS" 2021 "Nitrate_0_100" NA NA NA NA NA
"CLS" 2022 "Nitrate_0_100" 857.9588203125 1084.59959969488 108.142059422481 -226.640779382376 -2.09576903373879
"CLS" 2023 "Nitrate_0_100" 911.357835416667 1084.59959969488 108.142059422481 -173.241764278209 -1.601983217292
"CLS" 1997 "Nitrate_100_Inf" NA 51993.6398358127 1410.17765186458 NA NA
"CLS" 1998 "Nitrate_100_Inf" NA NA NA NA NA
"CLS" 1999 "Nitrate_100_Inf" NA NA NA NA NA
"CLS" 2000 "Nitrate_100_Inf" 50969.4111734733 51993.6398358127 1410.17765186458 -1024.22866233932 -0.726311795528069
"CLS" 2001 "Nitrate_100_Inf" 51269.0305716834 51993.6398358127 1410.17765186458 -724.60926412922 -0.513842538329211
"CLS" 2002 "Nitrate_100_Inf" NA NA NA NA NA
"CLS" 2003 "Nitrate_100_Inf" NA NA NA NA NA
"CLS" 2004 "Nitrate_100_Inf" 51586.94444097 51993.6398358127 1410.17765186458 -406.695394842638 -0.288400113492718
"CLS" 2005 "Nitrate_100_Inf" 53662.0020132517 51993.6398358127 1410.17765186458 1668.36217743906 1.18308652476027
"CLS" 2006 "Nitrate_100_Inf" 53717.285791382 51993.6398358127 1410.17765186458 1723.64595556937 1.22228993864022
"CLS" 2007 "Nitrate_100_Inf" 52318.0514072051 51993.6398358127 1410.17765186458 324.41157139244 0.230050143656364
"CLS" 2008 "Nitrate_100_Inf" 52521.3396411677 51993.6398358127 1410.17765186458 527.699805355063 0.374208033049825
"CLS" 2009 "Nitrate_100_Inf" 51957.4962477539 51993.6398358127 1410.17765186458 -36.1435880588033 -0.0256305210985391
"CLS" 2010 "Nitrate_100_Inf" 52401.6242302003 51993.6398358127 1410.17765186458 407.984394387677 0.289314182399805
"CLS" 2011 "Nitrate_100_Inf" 50538.1836725526 51993.6398358127 1410.17765186458 -1455.45616326005 -1.03210837395955
"CLS" 2012 "Nitrate_100_Inf" 52017.8316600341 51993.6398358127 1410.17765186458 24.1918242214888 0.0171551606916346
"CLS" 2013 "Nitrate_100_Inf" 52786.164138438 51993.6398358127 1410.17765186458 792.524302625374 0.562003164337115
"CLS" 2014 "Nitrate_100_Inf" 52452.684560757 51993.6398358127 1410.17765186458 459.044724944382 0.325522620740316
"CLS" 2015 "Nitrate_100_Inf" 50786.966259016 51993.6398358127 1410.17765186458 -1206.67357679666 -0.855689051093075
"CLS" 2016 "Nitrate_100_Inf" 48497.7040891308 51993.6398358127 1410.17765186458 -3495.93574668189 -2.47907470527523
"CLS" 2017 "Nitrate_100_Inf" NA NA NA NA NA
"CLS" 2018 "Nitrate_100_Inf" 54654.4283941214 51993.6398358127 1410.17765186458 2660.78855830879 1.88684635215331
"CLS" 2019 "Nitrate_100_Inf" 51754.7289176775 51993.6398358127 1410.17765186458 -238.910918135109 -0.169419021652495
"CLS" 2020 "Nitrate_100_Inf" NA NA NA NA NA
"CLS" 2021 "Nitrate_100_Inf" NA NA NA NA NA
"CLS" 2022 "Nitrate_100_Inf" 52032.7425184225 51993.6398358127 1410.17765186458 39.1026826098241 0.0277289053319782
"CLS" 2023 "Nitrate_100_Inf" 50194.2732423255 51993.6398358127 1410.17765186458 -1799.36659348713 -1.2759857533609
"CLS" 1997 "Phosphate_0_100" 84.7780714285714 80.7115134056453 6.22913012291656 4.06655802292613 0.652829198087472
"CLS" 1998 "Phosphate_0_100" NA NA NA NA NA
"CLS" 1999 "Phosphate_0_100" NA NA NA NA NA
"CLS" 2000 "Phosphate_0_100" 87.6742763157895 80.7115134056453 6.22913012291656 6.96276291014418 1.11777451630503
"CLS" 2001 "Phosphate_0_100" 76.6152674242424 80.7115134056453 6.22913012291656 -4.09624598140287 -0.657595185936646
"CLS" 2002 "Phosphate_0_100" NA NA NA NA NA
"CLS" 2003 "Phosphate_0_100" NA NA NA NA NA
"CLS" 2004 "Phosphate_0_100" 80.62811921875 80.7115134056453 6.22913012291656 -0.0833941868952905 -0.0133877740952126
"CLS" 2005 "Phosphate_0_100" 82.5626730769231 80.7115134056453 6.22913012291656 1.85115967127778 0.297177877929936
"CLS" 2006 "Phosphate_0_100" 71.7532666666667 80.7115134056453 6.22913012291656 -8.95824673897862 -1.43812162568604
"CLS" 2007 "Phosphate_0_100" 78.6281666666667 80.7115134056453 6.22913012291656 -2.08334673897863 -0.334452274694686
"CLS" 2008 "Phosphate_0_100" 73.795640625 80.7115134056453 6.22913012291656 -6.91587278064529 -1.11024695971629
"CLS" 2009 "Phosphate_0_100" 78.6853125 80.7115134056453 6.22913012291656 -2.0262009056453 -0.325278307831624
"CLS" 2010 "Phosphate_0_100" 85.147325 80.7115134056453 6.22913012291656 4.4358115943547 0.712107711161089
"CLS" 2011 "Phosphate_0_100" 78.0745892857143 80.7115134056453 6.22913012291656 -2.63692411993101 -0.423321405701567
"CLS" 2012 "Phosphate_0_100" 72.2930588235294 80.7115134056453 6.22913012291656 -8.41845458211588 -1.35146552022488
"CLS" 2013 "Phosphate_0_100" 84.49977015625 80.7115134056453 6.22913012291656 3.7882567506047 0.608151808655908
"CLS" 2014 "Phosphate_0_100" 90.126953125 80.7115134056453 6.22913012291656 9.41543971935471 1.51151758488973
"CLS" 2015 "Phosphate_0_100" 78.8296168055556 80.7115134056453 6.22913012291656 -1.88189660008973 -0.302112263342575
"CLS" 2016 "Phosphate_0_100" 88.6736891666667 80.7115134056453 6.22913012291656 7.96217576102137 1.27821631654941
"CLS" 2017 "Phosphate_0_100" NA NA NA NA NA
"CLS" 2018 "Phosphate_0_100" 90.5560822058824 80.7115134056453 6.22913012291656 9.84456880023707 1.58040827627273
"CLS" 2019 "Phosphate_0_100" 73.5519208333333 80.7115134056453 6.22913012291656 -7.15959257231196 -1.14937277453433
"CLS" 2020 "Phosphate_0_100" NA NA NA NA NA
"CLS" 2021 "Phosphate_0_100" NA NA NA NA NA
"CLS" 2022 "Phosphate_0_100" 70.6786608333333 80.7115134056453 6.22913012291656 -10.032852572312 -1.61063461098713
"CLS" 2023 "Phosphate_0_100" 67.5543290909091 80.7115134056453 6.22913012291656 -13.1571843147362 -2.11220251545746
"CLS" 1997 "Phosphate_100_Inf" NA 3509.96798975459 129.422155349937 NA NA
"CLS" 1998 "Phosphate_100_Inf" NA NA NA NA NA
"CLS" 1999 "Phosphate_100_Inf" NA NA NA NA NA
"CLS" 2000 "Phosphate_100_Inf" 3590.80851957735 3509.96798975459 129.422155349937 80.8405298227567 0.624626669245127
"CLS" 2001 "Phosphate_100_Inf" 3596.87953983417 3509.96798975459 129.422155349937 86.9115500795765 0.67153533214295
"CLS" 2002 "Phosphate_100_Inf" NA NA NA NA NA
"CLS" 2003 "Phosphate_100_Inf" NA NA NA NA NA
"CLS" 2004 "Phosphate_100_Inf" 3324.49464185987 3509.96798975459 129.422155349937 -185.473347894726 -1.43308807826014
"CLS" 2005 "Phosphate_100_Inf" 3727.55432097937 3509.96798975459 129.422155349937 217.586331224773 1.68121393618005
"CLS" 2006 "Phosphate_100_Inf" 3564.93217207705 3509.96798975459 129.422155349937 54.9641823224515 0.42468912817776
"CLS" 2007 "Phosphate_100_Inf" 3378.83464255414 3509.96798975459 129.422155349937 -131.133347200456 -1.01322178452284
"CLS" 2008 "Phosphate_100_Inf" 3515.91377514355 3509.96798975459 129.422155349937 5.94578538895985 0.0459410166125218
"CLS" 2009 "Phosphate_100_Inf" 3248.02598337491 3509.96798975459 129.422155349937 -261.942006379686 -2.02393481758541
"CLS" 2010 "Phosphate_100_Inf" 3610.14281171001 3509.96798975459 129.422155349937 100.174821955412 0.77401602287147
"CLS" 2011 "Phosphate_100_Inf" 3577.50012369154 3509.96798975459 129.422155349937 67.5321339369507 0.521797320979197
"CLS" 2012 "Phosphate_100_Inf" 3693.00586167756 3509.96798975459 129.422155349937 183.037871922967 1.41427000213419
"CLS" 2013 "Phosphate_100_Inf" 3620.1875908569 3509.96798975459 129.422155349937 110.219601102302 0.851628539211741
"CLS" 2014 "Phosphate_100_Inf" 3447.60521695084 3509.96798975459 129.422155349937 -62.3627728037523 -0.481855464662392
"CLS" 2015 "Phosphate_100_Inf" 3454.03476193883 3509.96798975459 129.422155349937 -55.9332278157594 -0.43217660581007
"CLS" 2016 "Phosphate_100_Inf" 3444.97040174599 3509.96798975459 129.422155349937 -64.9975880086058 -0.502213765740978
"CLS" 2017 "Phosphate_100_Inf" NA NA NA NA NA
"CLS" 2018 "Phosphate_100_Inf" 3462.25385233667 3509.96798975459 129.422155349937 -47.7141374179205 -0.368670551722068
"CLS" 2019 "Phosphate_100_Inf" 3412.31160951935 3509.96798975459 129.422155349937 -97.6563802352425 -0.754556899251098
"CLS" 2020 "Phosphate_100_Inf" NA NA NA NA NA
"CLS" 2021 "Phosphate_100_Inf" NA NA NA NA NA
"CLS" 2022 "Phosphate_100_Inf" 3460.94621908851 3509.96798975459 129.422155349937 -49.021770666086 -0.378774179224097
"CLS" 2023 "Phosphate_100_Inf" 3312.92890217645 3509.96798975459 129.422155349937 -197.039087578141 -1.52245252789508
"CLS" 1997 "Silicate_0_100" 727.844428571429 639.201259935956 85.8856598877704 88.6431686354723 1.0321067422816
"CLS" 1998 "Silicate_0_100" NA NA NA NA NA
"CLS" 1999 "Silicate_0_100" NA NA NA NA NA
"CLS" 2000 "Silicate_0_100" 720.234368421053 639.201259935956 85.8856598877704 81.0331084850964 0.943499864715309
"CLS" 2001 "Silicate_0_100" 541.505714166667 639.201259935956 85.8856598877704 -97.6955457692897 -1.13750707506878
"CLS" 2002 "Silicate_0_100" NA NA NA NA NA
"CLS" 2003 "Silicate_0_100" NA NA NA NA NA
"CLS" 2004 "Silicate_0_100" 709.4308665625 639.201259935956 85.8856598877704 70.2296066265437 0.817710508579838
"CLS" 2005 "Silicate_0_100" 541.835942307692 639.201259935956 85.8856598877704 -97.3653176282639 -1.13366210093157
"CLS" 2006 "Silicate_0_100" 492.061283333333 639.201259935956 85.8856598877704 -147.139976602623 -1.71320773217433
"CLS" 2007 "Silicate_0_100" 684.020116666667 639.201259935956 85.8856598877704 44.8188567307104 0.521843306429463
"CLS" 2008 "Silicate_0_100" 617.461109375 639.201259935956 85.8856598877704 -21.7401505609563 -0.253128992539207
"CLS" 2009 "Silicate_0_100" 647.921796875 639.201259935956 85.8856598877704 8.72053693904377 0.101536588883862
"CLS" 2010 "Silicate_0_100" 555.80175 639.201259935956 85.8856598877704 -83.3995099359563 -0.971052793271161
"CLS" 2011 "Silicate_0_100" 643.146390625 639.201259935956 85.8856598877704 3.94513068904371 0.0459346844886439
"CLS" 2012 "Silicate_0_100" 531.473367647059 639.201259935956 85.8856598877704 -107.727892288897 -1.25431757093872
"CLS" 2013 "Silicate_0_100" 587.125201315789 639.201259935956 85.8856598877704 -52.0760586201668 -0.606341718608395
"CLS" 2014 "Silicate_0_100" 708.03758 639.201259935956 85.8856598877704 68.8363200640437 0.801487933538548
"CLS" 2015 "Silicate_0_100" 724.812443421053 639.201259935956 85.8856598877704 85.6111834850964 0.996804164944035
"CLS" 2016 "Silicate_0_100" 763.726497222222 639.201259935956 85.8856598877704 124.525237286266 1.44989556404395
"CLS" 2017 "Silicate_0_100" NA NA NA NA NA
"CLS" 2018 "Silicate_0_100" 759.317825 639.201259935956 85.8856598877704 120.116565064044 1.39856368596345
"CLS" 2019 "Silicate_0_100" 638.509165972222 639.201259935956 85.8856598877704 -0.692093963734123 -0.00805831805494078
"CLS" 2020 "Silicate_0_100" NA NA NA NA NA
"CLS" 2021 "Silicate_0_100" NA NA NA NA NA
"CLS" 2022 "Silicate_0_100" 643.7610671875 639.201259935956 85.8856598877704 4.5598072515437 0.0530916017586889
"CLS" 2023 "Silicate_0_100" 631.062110416667 639.201259935956 85.8856598877704 -8.13914951928962 -0.0947672699950762
"CLS" 1997 "Silicate_100_Inf" NA 32715.5031585058 981.3310869453 NA NA
"CLS" 1998 "Silicate_100_Inf" NA NA NA NA NA
"CLS" 1999 "Silicate_100_Inf" NA NA NA NA NA
"CLS" 2000 "Silicate_100_Inf" 33369.5471855921 32715.5031585058 981.3310869453 654.044027086318 0.666486607616024
"CLS" 2001 "Silicate_100_Inf" 34071.3079978869 32715.5031585058 981.3310869453 1355.80483938116 1.3815977679883
"CLS" 2002 "Silicate_100_Inf" NA NA NA NA NA
"CLS" 2003 "Silicate_100_Inf" NA NA NA NA NA
"CLS" 2004 "Silicate_100_Inf" 32560.7606597834 32715.5031585058 981.3310869453 -154.742498722346 -0.157686331128091
"CLS" 2005 "Silicate_100_Inf" 33890.7665085324 32715.5031585058 981.3310869453 1175.26335002665 1.19762164437797
"CLS" 2006 "Silicate_100_Inf" 33352.875849041 32715.5031585058 981.3310869453 637.372690535245 0.64949811436145
"CLS" 2007 "Silicate_100_Inf" 33125.1760118043 32715.5031585058 981.3310869453 409.672853298522 0.417466499072965
"CLS" 2008 "Silicate_100_Inf" 33023.9885904563 32715.5031585058 981.3310869453 308.485431950525 0.314354080956288
"CLS" 2009 "Silicate_100_Inf" 31678.0453736333 32715.5031585058 981.3310869453 -1037.45778487245 -1.05719445625825
"CLS" 2010 "Silicate_100_Inf" 33371.3968881509 32715.5031585058 981.3310869453 655.893729645104 0.668371499049091
"CLS" 2011 "Silicate_100_Inf" 32041.5366092215 32715.5031585058 981.3310869453 -673.96654928432 -0.686788137306698
"CLS" 2012 "Silicate_100_Inf" 32709.035686175 32715.5031585058 981.3310869453 -6.46747233080168 -0.00659050998876813
"CLS" 2013 "Silicate_100_Inf" 33219.5552737781 32715.5031585058 981.3310869453 504.052115272309 0.513641238902691
"CLS" 2014 "Silicate_100_Inf" 30613.5899155418 32715.5031585058 981.3310869453 -2101.91324296395 -2.14190019140921
"CLS" 2015 "Silicate_100_Inf" 31812.6871147124 32715.5031585058 981.3310869453 -902.816043793398 -0.91999128103003
"CLS" 2016 "Silicate_100_Inf" 31513.039740187 32715.5031585058 981.3310869453 -1202.46341831878 -1.22533916872218
"CLS" 2017 "Silicate_100_Inf" NA NA NA NA NA
"CLS" 2018 "Silicate_100_Inf" 33930.2955573261 32715.5031585058 981.3310869453 1214.79239882033 1.23790269663397
"CLS" 2019 "Silicate_100_Inf" 31879.9487327757 32715.5031585058 981.3310869453 -835.554425730097 -0.851450073115508
"CLS" 2020 "Silicate_100_Inf" NA NA NA NA NA
"CLS" 2021 "Silicate_100_Inf" NA NA NA NA NA
"CLS" 2022 "Silicate_100_Inf" 32118.0264186124 32715.5031585058 981.3310869453 -597.476739893329 -0.608843180290112
"CLS" 2023 "Silicate_100_Inf" 32400.7209762823 32715.5031585058 981.3310869453 -314.782182223491 -0.320770621058535
"GS" 1997 "Chlorophyll_A_0_100" 442.0425 380.161682223543 411.974664265083 61.8808177764566 0.15020539645768
"GS" 1998 "Chlorophyll_A_0_100" NA NA NA NA NA
"GS" 1999 "Chlorophyll_A_0_100" NA NA NA NA NA
"GS" 2000 "Chlorophyll_A_0_100" 454.50342 380.161682223543 411.974664265083 74.3417377764566 0.180452207926606
"GS" 2001 "Chlorophyll_A_0_100" 224.895818 380.161682223543 411.974664265083 -155.265864223543 -0.376882069921752
"GS" 2002 "Chlorophyll_A_0_100" NA NA NA NA NA
"GS" 2003 "Chlorophyll_A_0_100" NA NA NA NA NA
"GS" 2004 "Chlorophyll_A_0_100" 320.45329696 380.161682223543 411.974664265083 -59.7083852635434 -0.144932177734902
"GS" 2005 "Chlorophyll_A_0_100" 156.06565 380.161682223543 411.974664265083 -224.096032223543 -0.543955858604329
"GS" 2006 "Chlorophyll_A_0_100" 136.830416428571 380.161682223543 411.974664265083 -243.331265794972 -0.590646189927839
"GS" 2007 "Chlorophyll_A_0_100" 86.0229166666667 380.161682223543 411.974664265083 -294.138765556877 -0.71397294802482
"GS" 2008 "Chlorophyll_A_0_100" 105.7677 380.161682223543 411.974664265083 -274.393982223543 -0.66604576937524
"GS" 2009 "Chlorophyll_A_0_100" 1661.6457125 380.161682223543 411.974664265083 1281.48403027646 3.11058941588673
"GS" 2010 "Chlorophyll_A_0_100" 321.432706 380.161682223543 411.974664265083 -58.7289762235434 -0.14255482513302
"GS" 2011 "Chlorophyll_A_0_100" 708.7193 380.161682223543 411.974664265083 328.557617776457 0.797518989092611
"GS" 2012 "Chlorophyll_A_0_100" 290.760807 380.161682223543 411.974664265083 -89.4008752235434 -0.217005760252332
"GS" 2013 "Chlorophyll_A_0_100" 1052.066883 380.161682223543 411.974664265083 671.905200776456 1.63093815969256
"GS" 2014 "Chlorophyll_A_0_100" 204.154874466667 380.161682223543 411.974664265083 -176.006807756877 -0.427227261828961
"GS" 2015 "Chlorophyll_A_0_100" 277.53531822 380.161682223543 411.974664265083 -102.626364003543 -0.249108435312685
"GS" 2016 "Chlorophyll_A_0_100" 109.296966833333 380.161682223543 411.974664265083 -270.86471539021 -0.657479060935465
"GS" 2017 "Chlorophyll_A_0_100" NA NA NA NA NA
"GS" 2018 "Chlorophyll_A_0_100" 169.835638725 380.161682223543 411.974664265083 -210.326043498543 -0.51053150045948
"GS" 2019 "Chlorophyll_A_0_100" 182.761173 380.161682223543 411.974664265083 -197.400509223543 -0.479156915087689
"GS" 2020 "Chlorophyll_A_0_100" NA NA NA NA NA
"GS" 2021 "Chlorophyll_A_0_100" NA NA NA NA NA
"GS" 2022 "Chlorophyll_A_0_100" 246.431708666667 380.161682223543 411.974664265083 -133.729973556877 -0.324607276021297
"GS" 2023 "Chlorophyll_A_0_100" 355.579921816667 380.161682223543 411.974664265083 -24.5817604068768 -0.059668136269321
"GS" 1997 "Nitrate_0_100" 981.6725 746.723699090336 241.252468866121 234.948800909664 0.973871073792182
"GS" 1998 "Nitrate_0_100" NA NA NA NA NA
"GS" 1999 "Nitrate_0_100" NA NA NA NA NA
"GS" 2000 "Nitrate_0_100" 378.0715 746.723699090336 241.252468866121 -368.652199090336 -1.52807637916822
"GS" 2001 "Nitrate_0_100" 761.59082125 746.723699090336 241.252468866121 14.8671221596638 0.0616247461820344
"GS" 2002 "Nitrate_0_100" NA NA NA NA NA
"GS" 2003 "Nitrate_0_100" NA NA NA NA NA
"GS" 2004 "Nitrate_0_100" 738.3378365 746.723699090336 241.252468866121 -8.38586259033616 -0.0347596964696339
"GS" 2005 "Nitrate_0_100" 685.6894 746.723699090336 241.252468866121 -61.0342990903362 -0.252989324325656
"GS" 2006 "Nitrate_0_100" 701.897964285714 746.723699090336 241.252468866121 -44.8257348046218 -0.185804253176357
"GS" 2007 "Nitrate_0_100" 968.744333333333 746.723699090336 241.252468866121 222.020634242997 0.920283366576464
"GS" 2008 "Nitrate_0_100" 1287.043 746.723699090336 241.252468866121 540.319300909664 2.23964257629838
"GS" 2009 "Nitrate_0_100" 479.63365 746.723699090336 241.252468866121 -267.090049090336 -1.10709768213213
"GS" 2010 "Nitrate_0_100" 898.09405 746.723699090336 241.252468866121 151.370350909664 0.627435448105878
"GS" 2011 "Nitrate_0_100" 392.42405 746.723699090336 241.252468866121 -354.299649090336 -1.46858455275311
"GS" 2012 "Nitrate_0_100" 542.97505 746.723699090336 241.252468866121 -203.748649090336 -0.844545343092025
"GS" 2013 "Nitrate_0_100" 515.9287375 746.723699090336 241.252468866121 -230.794961590336 -0.956653263177224
"GS" 2014 "Nitrate_0_100" 848.806816666667 746.723699090336 241.252468866121 102.083117576331 0.423138126030868
"GS" 2015 "Nitrate_0_100" 811.938575 746.723699090336 241.252468866121 65.2148759096639 0.270317962821984
"GS" 2016 "Nitrate_0_100" 999.4306125 746.723699090336 241.252468866121 252.706913409664 1.04747907699092
"GS" 2017 "Nitrate_0_100" NA NA NA NA NA
"GS" 2018 "Nitrate_0_100" 977.652129166667 746.723699090336 241.252468866121 230.928430076331 0.957206494763296
"GS" 2019 "Nitrate_0_100" 706.044358333333 746.723699090336 241.252468866121 -40.6793407570028 -0.168617303475461
"GS" 2020 "Nitrate_0_100" NA NA NA NA NA
"GS" 2021 "Nitrate_0_100" NA NA NA NA NA
"GS" 2022 "Nitrate_0_100" 875.9619625 746.723699090336 241.252468866121 129.238263409664 0.535697164124702
"GS" 2023 "Nitrate_0_100" 680.748591666667 746.723699090336 241.252468866121 -65.9751074236694 -0.273469149284774
"GS" 1997 "Nitrate_100_Inf" NA 24788.5119015244 8856.99054260457 NA NA
"GS" 1998 "Nitrate_100_Inf" NA NA NA NA NA
"GS" 1999 "Nitrate_100_Inf" NA NA NA NA NA
"GS" 2000 "Nitrate_100_Inf" 41162.1041941807 24788.5119015244 8856.99054260457 16373.5922926562 1.84866317897651
"GS" 2001 "Nitrate_100_Inf" 24253.71178955 24788.5119015244 8856.99054260457 -534.800111974386 -0.0603816961756761
"GS" 2002 "Nitrate_100_Inf" NA NA NA NA NA
"GS" 2003 "Nitrate_100_Inf" NA NA NA NA NA
"GS" 2004 "Nitrate_100_Inf" 31349.928172992 24788.5119015244 8856.99054260457 6561.41627146761 0.740817802605229
"GS" 2005 "Nitrate_100_Inf" 19206.1499833522 24788.5119015244 8856.99054260457 -5582.36191817226 -0.630277506938678
"GS" 2006 "Nitrate_100_Inf" 29764.3387085891 24788.5119015244 8856.99054260457 4975.82680706464 0.561796558676397
"GS" 2007 "Nitrate_100_Inf" 29788.0041039248 24788.5119015244 8856.99054260457 4999.49220240038 0.564468504098705
"GS" 2008 "Nitrate_100_Inf" 43538.8096113801 24788.5119015244 8856.99054260457 18750.2977098557 2.11700550199998
"GS" 2009 "Nitrate_100_Inf" 19020.8633201217 24788.5119015244 8856.99054260457 -5767.64858140267 -0.651197328670352
"GS" 2010 "Nitrate_100_Inf" 22539.7711846907 24788.5119015244 8856.99054260457 -2248.74071683375 -0.253894447105559
"GS" 2011 "Nitrate_100_Inf" 19093.1878854095 24788.5119015244 8856.99054260457 -5695.32401611486 -0.643031511518363
"GS" 2012 "Nitrate_100_Inf" 9309.72805382566 24788.5119015244 8856.99054260457 -15478.7838476988 -1.74763468169482
"GS" 2013 "Nitrate_100_Inf" 14064.3428826085 24788.5119015244 8856.99054260457 -10724.1690189159 -1.21081409846038
"GS" 2014 "Nitrate_100_Inf" 25448.9048412108 24788.5119015244 8856.99054260457 660.392939686422 0.074561775414544
"GS" 2015 "Nitrate_100_Inf" 20115.3032976982 24788.5119015244 8856.99054260457 -4673.20860382618 -0.527629399777131
"GS" 2016 "Nitrate_100_Inf" 30602.4404912546 24788.5119015244 8856.99054260457 5813.92858973014 0.656422580758502
"GS" 2017 "Nitrate_100_Inf" NA NA NA NA NA
"GS" 2018 "Nitrate_100_Inf" 22117.387648497 24788.5119015244 8856.99054260457 -2671.12425302738 -0.301583730972562
"GS" 2019 "Nitrate_100_Inf" 20029.7261566294 24788.5119015244 8856.99054260457 -4758.78574489505 -0.537291501216352
"GS" 2020 "Nitrate_100_Inf" NA NA NA NA NA
"GS" 2021 "Nitrate_100_Inf" NA NA NA NA NA
"GS" 2022 "Nitrate_100_Inf" 16701.1892752292 24788.5119015244 8856.99054260457 -8087.3226262952 -0.913100515055644
"GS" 2023 "Nitrate_100_Inf" 18795.9063174988 24788.5119015244 8856.99054260457 -5992.60558402564 -0.676596136712527
"GS" 1997 "Phosphate_0_100" 74.852 63.2434323140756 12.9581418507206 11.6085676859244 0.895851258587572
"GS" 1998 "Phosphate_0_100" NA NA NA NA NA
"GS" 1999 "Phosphate_0_100" NA NA NA NA NA
"GS" 2000 "Phosphate_0_100" 51.151 63.2434323140756 12.9581418507206 -12.0924323140756 -0.933191845974672
"GS" 2001 "Phosphate_0_100" 66.106451 63.2434323140756 12.9581418507206 2.86301868592437 0.220943613591107
"GS" 2002 "Phosphate_0_100" NA NA NA NA NA
"GS" 2003 "Phosphate_0_100" NA NA NA NA NA
"GS" 2004 "Phosphate_0_100" 58.4348525 63.2434323140756 12.9581418507206 -4.80857981407564 -0.371085597724663
"GS" 2005 "Phosphate_0_100" 66.2835 63.2434323140756 12.9581418507206 3.04006768592437 0.234606760826229
"GS" 2006 "Phosphate_0_100" 60.8767857142857 63.2434323140756 12.9581418507206 -2.36664659978992 -0.18263780618039
"GS" 2007 "Phosphate_0_100" 73.2964166666667 63.2434323140756 12.9581418507206 10.052984352591 0.775804468603803
"GS" 2008 "Phosphate_0_100" 87.9664166666667 63.2434323140756 12.9581418507206 24.722984352591 1.9079112296657
"GS" 2009 "Phosphate_0_100" 37.08585 63.2434323140756 12.9581418507206 -26.1575823140756 -2.0186213899658
"GS" 2010 "Phosphate_0_100" 72.86365 63.2434323140756 12.9581418507206 9.62021768592437 0.742407190533214
"GS" 2011 "Phosphate_0_100" 43.84425 63.2434323140756 12.9581418507206 -19.3991823140756 -1.4970651299821
"GS" 2012 "Phosphate_0_100" 59.73815 63.2434323140756 12.9581418507206 -3.50528231407563 -0.270508098650015
"GS" 2013 "Phosphate_0_100" 49.6029358333333 63.2434323140756 12.9581418507206 -13.6404964807423 -1.05265837014924
"GS" 2014 "Phosphate_0_100" 69.384065 63.2434323140756 12.9581418507206 6.14063268592436 0.473882193655942
"GS" 2015 "Phosphate_0_100" 65.7585645 63.2434323140756 12.9581418507206 2.51513218592437 0.194096670255581
"GS" 2016 "Phosphate_0_100" 79.7518095833333 63.2434323140756 12.9581418507206 16.5083772692577 1.27397719977418
"GS" 2017 "Phosphate_0_100" NA NA NA NA NA
"GS" 2018 "Phosphate_0_100" 73.30719625 63.2434323140756 12.9581418507206 10.0637639359244 0.776636345848051
"GS" 2019 "Phosphate_0_100" 59.686455625 63.2434323140756 12.9581418507206 -3.55697668907564 -0.274497434126933
"GS" 2020 "Phosphate_0_100" NA NA NA NA NA
"GS" 2021 "Phosphate_0_100" NA NA NA NA NA
"GS" 2022 "Phosphate_0_100" 70.2608020833333 63.2434323140756 12.9581418507206 7.0173697692577 0.541541360644037
"GS" 2023 "Phosphate_0_100" 58.1432933333333 63.2434323140756 12.9581418507206 -5.1001389807423 -0.393585672968896
"GS" 1997 "Phosphate_100_Inf" NA 1742.99981390953 590.243045459923 NA NA
"GS" 1998 "Phosphate_100_Inf" NA NA NA NA NA
"GS" 1999 "Phosphate_100_Inf" NA NA NA NA NA
"GS" 2000 "Phosphate_100_Inf" 3045.89885181176 1742.99981390953 590.243045459923 1302.89903790223 2.20739413691354
"GS" 2001 "Phosphate_100_Inf" 1656.88272719686 1742.99981390953 590.243045459923 -86.1170867126768 -0.14590106122398
"GS" 2002 "Phosphate_100_Inf" NA NA NA NA NA
"GS" 2003 "Phosphate_100_Inf" NA NA NA NA NA
"GS" 2004 "Phosphate_100_Inf" 2042.49678693003 1742.99981390953 590.243045459923 299.496973020496 0.507412963734498
"GS" 2005 "Phosphate_100_Inf" 1401.87886657992 1742.99981390953 590.243045459923 -341.12094732961 -0.577933022597166
"GS" 2006 "Phosphate_100_Inf" 2026.03218874075 1742.99981390953 590.243045459923 283.032374831217 0.479518356053946
"GS" 2007 "Phosphate_100_Inf" 1881.89178176696 1742.99981390953 590.243045459923 138.891967857428 0.235313179758352
"GS" 2008 "Phosphate_100_Inf" 2835.69838131075 1742.99981390953 590.243045459923 1092.69856740122 1.85126885578088
"GS" 2009 "Phosphate_100_Inf" 1186.04787126776 1742.99981390953 590.243045459923 -556.951942641772 -0.943597636474971
"GS" 2010 "Phosphate_100_Inf" 1582.93236161758 1742.99981390953 590.243045459923 -160.06745229195 -0.271189052582948
"GS" 2011 "Phosphate_100_Inf" 1305.45247534943 1742.99981390953 590.243045459923 -437.547338560108 -0.741300286256091
"GS" 2012 "Phosphate_100_Inf" 661.357702689038 1742.99981390953 590.243045459923 -1081.6421112205 -1.83253681604613
"GS" 2013 "Phosphate_100_Inf" 1948.54658630868 1742.99981390953 590.243045459923 205.546772399149 0.348240905132538
"GS" 2014 "Phosphate_100_Inf" 1712.89577287207 1742.99981390953 590.243045459923 -30.1040410374646 -0.0510027882056743
"GS" 2015 "Phosphate_100_Inf" 1345.63345196131 1742.99981390953 590.243045459923 -397.366361948221 -0.673224979107699
"GS" 2016 "Phosphate_100_Inf" 2208.49645937354 1742.99981390953 590.243045459923 465.496645464006 0.788652486538467
"GS" 2017 "Phosphate_100_Inf" NA NA NA NA NA
"GS" 2018 "Phosphate_100_Inf" 1471.28528549456 1742.99981390953 590.243045459923 -271.714528414973 -0.460343464450733
"GS" 2019 "Phosphate_100_Inf" 1317.56928519107 1742.99981390953 590.243045459923 -425.430528718465 -0.720771776966835
"GS" 2020 "Phosphate_100_Inf" NA NA NA NA NA
"GS" 2021 "Phosphate_100_Inf" NA NA NA NA NA
"GS" 2022 "Phosphate_100_Inf" 1314.91121206855 1742.99981390953 590.243045459923 -428.088601840985 -0.725275130531041
"GS" 2023 "Phosphate_100_Inf" 1185.7467457603 1742.99981390953 590.243045459923 -557.253068149231 -0.944107808529983
"GS" 1997 "Silicate_0_100" 587.15625 478.667723628852 145.828402994495 108.488526371148 0.743946475058387
"GS" 1998 "Silicate_0_100" NA NA NA NA NA
"GS" 1999 "Silicate_0_100" NA NA NA NA NA
"GS" 2000 "Silicate_0_100" 566.781625 478.667723628852 145.828402994495 88.1139013711484 0.604230037234068
"GS" 2001 "Silicate_0_100" 483.3018745 478.667723628852 145.828402994495 4.63415087114839 0.0317781089005228
"GS" 2002 "Silicate_0_100" NA NA NA NA NA
"GS" 2003 "Silicate_0_100" NA NA NA NA NA
"GS" 2004 "Silicate_0_100" 477.216401 478.667723628852 145.828402994495 -1.45132262885153 -0.00995226306432442
"GS" 2005 "Silicate_0_100" 327.5819 478.667723628852 145.828402994495 -151.085823628852 -1.03605210320074
"GS" 2006 "Silicate_0_100" 326.727892857143 478.667723628852 145.828402994495 -151.939830771709 -1.04190835016855
"GS" 2007 "Silicate_0_100" 577.29975 478.667723628852 145.828402994495 98.6320263711485 0.676356761411368
"GS" 2008 "Silicate_0_100" 733.107166666667 478.667723628852 145.828402994495 254.439443037815 1.7447865972133
"GS" 2009 "Silicate_0_100" 203.2359 478.667723628852 145.828402994495 -275.431823628852 -1.88873921659314
"GS" 2010 "Silicate_0_100" 525.55195 478.667723628852 145.828402994495 46.8842263711485 0.321502707349256
"GS" 2011 "Silicate_0_100" 388.67115 478.667723628852 145.828402994495 -89.9965736288515 -0.617140226326479
"GS" 2012 "Silicate_0_100" 449.9433 478.667723628852 145.828402994495 -28.7244236288515 -0.196974135621137
"GS" 2013 "Silicate_0_100" 265.033775 478.667723628852 145.828402994495 -213.633948628852 -1.4649680325781
"GS" 2014 "Silicate_0_100" 550.432995833333 478.667723628852 145.828402994495 71.7652722044818 0.492121361345437
"GS" 2015 "Silicate_0_100" 642.7144 478.667723628852 145.828402994495 164.046676371149 1.12492952677635
"GS" 2016 "Silicate_0_100" 656.076166666667 478.667723628852 145.828402994495 177.408443037815 1.21655616735042
"GS" 2017 "Silicate_0_100" NA NA NA NA NA
"GS" 2018 "Silicate_0_100" 571.018820833333 478.667723628852 145.828402994495 92.3510972044818 0.633286076704605
"GS" 2019 "Silicate_0_100" 392.656233333333 478.667723628852 145.828402994495 -86.0114902955182 -0.589813016732859
"GS" 2020 "Silicate_0_100" NA NA NA NA NA
"GS" 2021 "Silicate_0_100" NA NA NA NA NA
"GS" 2022 "Silicate_0_100" 615.962420833333 478.667723628852 145.828402994495 137.294697204482 0.941481181890641
"GS" 2023 "Silicate_0_100" 592.9344 478.667723628852 145.828402994495 114.266676371148 0.783569414632224
"GS" 1997 "Silicate_100_Inf" NA 15302.3359939187 5495.35811300386 NA NA
"GS" 1998 "Silicate_100_Inf" NA NA NA NA NA
"GS" 1999 "Silicate_100_Inf" NA NA NA NA NA
"GS" 2000 "Silicate_100_Inf" 27122.5727744632 15302.3359939187 5495.35811300386 11820.2367805445 2.15094931712892
"GS" 2001 "Silicate_100_Inf" 15185.7571094756 15302.3359939187 5495.35811300386 -116.578884443128 -0.0212140650428702
"GS" 2002 "Silicate_100_Inf" NA NA NA NA NA
"GS" 2003 "Silicate_100_Inf" NA NA NA NA NA
"GS" 2004 "Silicate_100_Inf" 19502.416949988 15302.3359939187 5495.35811300386 4200.08095606932 0.76429613315473
"GS" 2005 "Silicate_100_Inf" 12256.4787154106 15302.3359939187 5495.35811300386 -3045.85727850813 -0.554260016522056
"GS" 2006 "Silicate_100_Inf" 17174.4243552019 15302.3359939187 5495.35811300386 1872.08836128325 0.340667218184247
"GS" 2007 "Silicate_100_Inf" 18225.5696267763 15302.3359939187 5495.35811300386 2923.23363285756 0.531945975629907
"GS" 2008 "Silicate_100_Inf" 25029.2816329956 15302.3359939187 5495.35811300386 9726.94563907692 1.77002943922066
"GS" 2009 "Silicate_100_Inf" 11636.803203071 15302.3359939187 5495.35811300386 -3665.53279084768 -0.667023461523608
"GS" 2010 "Silicate_100_Inf" 14060.2847183463 15302.3359939187 5495.35811300386 -1242.05127557243 -0.226018259416675
"GS" 2011 "Silicate_100_Inf" 11864.8558804687 15302.3359939187 5495.35811300386 -3437.48011344994 -0.625524313932465
"GS" 2012 "Silicate_100_Inf" 6151.31907903026 15302.3359939187 5495.35811300386 -9151.01691488843 -1.66522667435159
"GS" 2013 "Silicate_100_Inf" 8316.13274803803 15302.3359939187 5495.35811300386 -6986.20324588066 -1.2712917160665
"GS" 2014 "Silicate_100_Inf" 14642.9524476768 15302.3359939187 5495.35811300386 -659.383546241894 -0.119989185906114
"GS" 2015 "Silicate_100_Inf" 13217.6803329758 15302.3359939187 5495.35811300386 -2084.6556609429 -0.379348464299334
"GS" 2016 "Silicate_100_Inf" 20732.5536940581 15302.3359939187 5495.35811300386 5430.21770013938 0.988146284277574
"GS" 2017 "Silicate_100_Inf" NA NA NA NA NA
"GS" 2018 "Silicate_100_Inf" 13088.4702198735 15302.3359939187 5495.35811300386 -2213.8657740452 -0.402861056280655
"GS" 2019 "Silicate_100_Inf" 11932.1584087681 15302.3359939187 5495.35811300386 -3370.17758515055 -0.613277154254166
"GS" 2020 "Silicate_100_Inf" NA NA NA NA NA
"GS" 2021 "Silicate_100_Inf" NA NA NA NA NA
"GS" 2022 "Silicate_100_Inf" 10028.6170905038 15302.3359939187 5495.35811300386 -5273.71890341493 -0.959667922448139
"GS" 2023 "Silicate_100_Inf" 11317.048435661 15302.3359939187 5495.35811300386 -3985.28755825773 -0.725209800035999
"LAS" 1997 "Chlorophyll_A_0_100" 134.666666666667 122.125514552942 79.1734968947832 12.541152113725 0.158400886730965
"LAS" 1998 "Chlorophyll_A_0_100" NA NA NA NA NA
"LAS" 1999 "Chlorophyll_A_0_100" NA NA NA NA NA
"LAS" 2000 "Chlorophyll_A_0_100" 97.283148875 122.125514552942 79.1734968947832 -24.8423656779417 -0.313771232195992
"LAS" 2001 "Chlorophyll_A_0_100" 72.1565855555556 122.125514552942 79.1734968947832 -49.9689289973861 -0.631132019642783
"LAS" 2002 "Chlorophyll_A_0_100" NA NA NA NA NA
"LAS" 2003 "Chlorophyll_A_0_100" NA NA NA NA NA
"LAS" 2004 "Chlorophyll_A_0_100" 47.31429609375 122.125514552942 79.1734968947832 -74.8112184591917 -0.944902289191688
"LAS" 2005 "Chlorophyll_A_0_100" 151.248572727273 122.125514552942 79.1734968947832 29.123058174331 0.367838472677717
"LAS" 2006 "Chlorophyll_A_0_100" 173.843459545455 122.125514552942 79.1734968947832 51.7179449925129 0.653222947336062
"LAS" 2007 "Chlorophyll_A_0_100" 22.2503428571429 122.125514552942 79.1734968947832 -99.8751716957988 -1.26147228066138
"LAS" 2008 "Chlorophyll_A_0_100" 152.339766666667 122.125514552942 79.1734968947832 30.214252113725 0.381620785979403
"LAS" 2009 "Chlorophyll_A_0_100" 184.215225 122.125514552942 79.1734968947832 62.0897104470583 0.784223419227924
"LAS" 2010 "Chlorophyll_A_0_100" 154.881297 122.125514552942 79.1734968947832 32.7557824470583 0.413721557487713
"LAS" 2011 "Chlorophyll_A_0_100" 137.69386 122.125514552942 79.1734968947832 15.5683454470583 0.196635819531221
"LAS" 2012 "Chlorophyll_A_0_100" 252.318365 122.125514552942 79.1734968947832 130.192850447058 1.64439939567248
"LAS" 2013 "Chlorophyll_A_0_100" 308.07772625 122.125514552942 79.1734968947832 185.952211697058 2.3486674075313
"LAS" 2014 "Chlorophyll_A_0_100" 26.7116826833333 122.125514552942 79.1734968947832 -95.4138318696084 -1.20512337602579
"LAS" 2015 "Chlorophyll_A_0_100" 82.0684431 122.125514552942 79.1734968947832 -40.0570714529417 -0.505940409657226
"LAS" 2016 "Chlorophyll_A_0_100" 62.4550764333333 122.125514552942 79.1734968947832 -59.6704381196084 -0.753666826146466
"LAS" 2017 "Chlorophyll_A_0_100" NA NA NA NA NA
"LAS" 2018 "Chlorophyll_A_0_100" 44.9499221125 122.125514552942 79.1734968947832 -77.1755924404417 -0.974765489302606
"LAS" 2019 "Chlorophyll_A_0_100" 106.3259775 122.125514552942 79.1734968947832 -15.7995370529417 -0.199555882619891
"LAS" 2020 "Chlorophyll_A_0_100" NA NA NA NA NA
"LAS" 2021 "Chlorophyll_A_0_100" NA NA NA NA NA
"LAS" 2022 "Chlorophyll_A_0_100" 397.58650259 122.125514552942 79.1734968947832 275.460988037058 3.47920704327522
"LAS" 2023 "Chlorophyll_A_0_100" 278.350532872222 122.125514552942 79.1734968947832 156.225018319281 1.9731984116717
"LAS" 1997 "Nitrate_0_100" 713.909 947.456920216636 196.960333955112 -233.547920216636 -1.1857611912349
"LAS" 1998 "Nitrate_0_100" NA NA NA NA NA
"LAS" 1999 "Nitrate_0_100" NA NA NA NA NA
"LAS" 2000 "Nitrate_0_100" 1060.89405625 947.456920216636 196.960333955112 113.437136033364 0.575938991143348
"LAS" 2001 "Nitrate_0_100" 831.261844285714 947.456920216636 196.960333955112 -116.195075930922 -0.589941505467812
"LAS" 2002 "Nitrate_0_100" NA NA NA NA NA
"LAS" 2003 "Nitrate_0_100" NA NA NA NA NA
"LAS" 2004 "Nitrate_0_100" 1120.9640778125 947.456920216636 196.960333955112 173.507157595864 0.880924367418099
"LAS" 2005 "Nitrate_0_100" 815.14825 947.456920216636 196.960333955112 -132.308670216636 -0.671752873077428
"LAS" 2006 "Nitrate_0_100" 765.621568181818 947.456920216636 196.960333955112 -181.835352034818 -0.923207979918733
"LAS" 2007 "Nitrate_0_100" 1044.87671875 947.456920216636 196.960333955112 97.4197985333641 0.494616335061488
"LAS" 2008 "Nitrate_0_100" 734.8498 947.456920216636 196.960333955112 -212.607120216636 -1.07944130651754
"LAS" 2009 "Nitrate_0_100" 1212.1637 947.456920216636 196.960333955112 264.706779783364 1.34395984444102
"LAS" 2010 "Nitrate_0_100" 780.58 947.456920216636 196.960333955112 -166.876920216636 -0.847261562090305
"LAS" 2011 "Nitrate_0_100" 888.949325 947.456920216636 196.960333955112 -58.5075952166359 -0.297052680820343
"LAS" 2012 "Nitrate_0_100" 635.115375 947.456920216636 196.960333955112 -312.341545216636 -1.58580938072445
"LAS" 2013 "Nitrate_0_100" 832.681925 947.456920216636 196.960333955112 -114.774995216636 -0.582731522189609
"LAS" 2014 "Nitrate_0_100" 1024.74107777778 947.456920216636 196.960333955112 77.2841575611418 0.392384375113597
"LAS" 2015 "Nitrate_0_100" 1284.5793 947.456920216636 196.960333955112 337.122379783364 1.71162575232126
"LAS" 2016 "Nitrate_0_100" 971.742478125 947.456920216636 196.960333955112 24.285557908364 0.123301770568173
"LAS" 2017 "Nitrate_0_100" NA NA NA NA NA
"LAS" 2018 "Nitrate_0_100" 1280.5435875 947.456920216636 196.960333955112 333.086667283364 1.69113577640093
"LAS" 2019 "Nitrate_0_100" 822.05456 947.456920216636 196.960333955112 -125.402360216636 -0.636688401661706
"LAS" 2020 "Nitrate_0_100" NA NA NA NA NA
"LAS" 2021 "Nitrate_0_100" NA NA NA NA NA
"LAS" 2022 "Nitrate_0_100" 671.883985 947.456920216636 196.960333955112 -275.572935216636 -1.39912910220512
"LAS" 2023 "Nitrate_0_100" 791.836427777778 947.456920216636 196.960333955112 -155.620492438858 -0.790110827463995
"LAS" 1997 "Nitrate_100_Inf" NA 16371.067552027 6014.61371604182 NA NA
"LAS" 1998 "Nitrate_100_Inf" NA NA NA NA NA
"LAS" 1999 "Nitrate_100_Inf" NA NA NA NA NA
"LAS" 2000 "Nitrate_100_Inf" 20585.3934964338 16371.067552027 6014.61371604182 4214.32594440677 0.700681065047714
"LAS" 2001 "Nitrate_100_Inf" 11876.3621683653 16371.067552027 6014.61371604182 -4494.70538366169 -0.747297431865604
"LAS" 2002 "Nitrate_100_Inf" NA NA NA NA NA
"LAS" 2003 "Nitrate_100_Inf" NA NA NA NA NA
"LAS" 2004 "Nitrate_100_Inf" 11663.6888614122 16371.067552027 6014.61371604182 -4707.3786906148 -0.7826568609152
"LAS" 2005 "Nitrate_100_Inf" 11137.8494639577 16371.067552027 6014.61371604182 -5233.21808806935 -0.870083821694421
"LAS" 2006 "Nitrate_100_Inf" 11413.6366653954 16371.067552027 6014.61371604182 -4957.43088663158 -0.824230968218194
"LAS" 2007 "Nitrate_100_Inf" 16623.3087583047 16371.067552027 6014.61371604182 252.24120627766 0.0419380559062168
"LAS" 2008 "Nitrate_100_Inf" 13381.2441059976 16371.067552027 6014.61371604182 -2989.82344602944 -0.497093177913515
"LAS" 2009 "Nitrate_100_Inf" 26819.8718157712 16371.067552027 6014.61371604182 10448.8042637442 1.73723613137046
"LAS" 2010 "Nitrate_100_Inf" 17447.172633083 16371.067552027 6014.61371604182 1076.10508105596 0.178915077818852
"LAS" 2011 "Nitrate_100_Inf" 11600.072433914 16371.067552027 6014.61371604182 -4770.99511811304 -0.793233837343223
"LAS" 2012 "Nitrate_100_Inf" 9689.39690816874 16371.067552027 6014.61371604182 -6681.67064385827 -1.11090602976502
"LAS" 2013 "Nitrate_100_Inf" 22025.8516677554 16371.067552027 6014.61371604182 5654.78411572838 0.940174113035103
"LAS" 2014 "Nitrate_100_Inf" 14135.7204256056 16371.067552027 6014.61371604182 -2235.34712642144 -0.371652650021307
"LAS" 2015 "Nitrate_100_Inf" 27398.8325652814 16371.067552027 6014.61371604182 11027.7650132544 1.83349513932071
"LAS" 2016 "Nitrate_100_Inf" 18602.143805179 16371.067552027 6014.61371604182 2231.076253152 0.37094256730094
"LAS" 2017 "Nitrate_100_Inf" NA NA NA NA NA
"LAS" 2018 "Nitrate_100_Inf" 24560.9395542193 16371.067552027 6014.61371604182 8189.87200219226 1.36166217630049
"LAS" 2019 "Nitrate_100_Inf" 9346.66305561499 16371.067552027 6014.61371604182 -7024.40449641201 -1.167889548364
"LAS" 2020 "Nitrate_100_Inf" NA NA NA NA NA
"LAS" 2021 "Nitrate_100_Inf" NA NA NA NA NA
"LAS" 2022 "Nitrate_100_Inf" 9861.00861735328 16371.067552027 6014.61371604182 -6510.05893467373 -1.08237357243916
"LAS" 2023 "Nitrate_100_Inf" 11154.6397746194 16371.067552027 6014.61371604182 -5216.42777740759 -0.867292235824662
"LAS" 1997 "Phosphate_0_100" 85.3355 84.5311723541561 8.73884818739002 0.804327645843941 0.0920404644406764
"LAS" 1998 "Phosphate_0_100" NA NA NA NA NA
"LAS" 1999 "Phosphate_0_100" NA NA NA NA NA
"LAS" 2000 "Phosphate_0_100" 99.902075 84.5311723541561 8.73884818739002 15.3709026458439 1.75891631439757
"LAS" 2001 "Phosphate_0_100" 88.4515603571429 84.5311723541561 8.73884818739002 3.9203880029868 0.448616101220735
"LAS" 2002 "Phosphate_0_100" NA NA NA NA NA
"LAS" 2003 "Phosphate_0_100" NA NA NA NA NA
"LAS" 2004 "Phosphate_0_100" 96.147883125 84.5311723541561 8.73884818739002 11.616710770844 1.32931829478473
"LAS" 2005 "Phosphate_0_100" 76.4830454545455 84.5311723541561 8.73884818739002 -8.04812689961059 -0.920959687939639
"LAS" 2006 "Phosphate_0_100" 76.7404090909091 84.5311723541561 8.73884818739002 -7.79076326324696 -0.891509166447001
"LAS" 2007 "Phosphate_0_100" 87.96975 84.5311723541561 8.73884818739002 3.43857764584395 0.393481792120585
"LAS" 2008 "Phosphate_0_100" 77.19585 84.5311723541561 8.73884818739002 -7.33532235415605 -0.839392354331177
"LAS" 2009 "Phosphate_0_100" 86.78265 84.5311723541561 8.73884818739002 2.25147764584395 0.257640091413052
"LAS" 2010 "Phosphate_0_100" 83.5203125 84.5311723541561 8.73884818739002 -1.01085985415607 -0.115674266502846
"LAS" 2011 "Phosphate_0_100" 85.1126666666667 84.5311723541561 8.73884818739002 0.581494312510614 0.0665412992698166
"LAS" 2012 "Phosphate_0_100" 62.8547 84.5311723541561 8.73884818739002 -21.6764723541561 -2.48047247066664
"LAS" 2013 "Phosphate_0_100" 76.72881375 84.5311723541561 8.73884818739002 -7.80235860415605 -0.892836039355243
"LAS" 2014 "Phosphate_0_100" 90.9360338888889 84.5311723541561 8.73884818739002 6.40486153473283 0.732918274512986
"LAS" 2015 "Phosphate_0_100" 88.544345 84.5311723541561 8.73884818739002 4.01317264584394 0.45923359232111
"LAS" 2016 "Phosphate_0_100" 88.6158940625 84.5311723541561 8.73884818739002 4.08472170834395 0.467421062908281
"LAS" 2017 "Phosphate_0_100" NA NA NA NA NA
"LAS" 2018 "Phosphate_0_100" 89.47461625 84.5311723541561 8.73884818739002 4.94344389584394 0.56568597941514
"LAS" 2019 "Phosphate_0_100" 81.569324875 84.5311723541561 8.73884818739002 -2.96184747915605 -0.338928817121452
"LAS" 2020 "Phosphate_0_100" NA NA NA NA NA
"LAS" 2021 "Phosphate_0_100" NA NA NA NA NA
"LAS" 2022 "Phosphate_0_100" 71.044498 84.5311723541561 8.73884818739002 -13.4866743541561 -1.5433011382
"LAS" 2023 "Phosphate_0_100" 68.5919347222222 84.5311723541561 8.73884818739002 -15.9392376319338 -1.82395177146272
"LAS" 1997 "Phosphate_100_Inf" NA 1113.18348660826 400.192779876186 NA NA
"LAS" 1998 "Phosphate_100_Inf" NA NA NA NA NA
"LAS" 1999 "Phosphate_100_Inf" NA NA NA NA NA
"LAS" 2000 "Phosphate_100_Inf" 1576.32651703737 1113.18348660826 400.192779876186 463.143030429109 1.15729981578478
"LAS" 2001 "Phosphate_100_Inf" 838.307019557538 1113.18348660826 400.192779876186 -274.876467050723 -0.686860135597065
"LAS" 2002 "Phosphate_100_Inf" NA NA NA NA NA
"LAS" 2003 "Phosphate_100_Inf" NA NA NA NA NA
"LAS" 2004 "Phosphate_100_Inf" 795.108425707014 1113.18348660826 400.192779876186 -318.075060901248 -0.794804596423894
"LAS" 2005 "Phosphate_100_Inf" 711.585871084424 1113.18348660826 400.192779876186 -401.597615523837 -1.00351039728424
"LAS" 2006 "Phosphate_100_Inf" 709.014775197086 1113.18348660826 400.192779876186 -404.168711411176 -1.00993504064771
"LAS" 2007 "Phosphate_100_Inf" 1108.90626968306 1113.18348660826 400.192779876186 -4.27721692519708 -0.0106878912870952
"LAS" 2008 "Phosphate_100_Inf" 904.751955027264 1113.18348660826 400.192779876186 -208.431531580998 -0.520827816147717
"LAS" 2009 "Phosphate_100_Inf" 1775.14615277624 1113.18348660826 400.192779876186 661.962666167974 1.6541094678739
"LAS" 2010 "Phosphate_100_Inf" 1216.32376912488 1113.18348660826 400.192779876186 103.14028251662 0.257726495087019
"LAS" 2011 "Phosphate_100_Inf" 828.859410894485 1113.18348660826 400.192779876186 -284.324075713776 -0.710467779557998
"LAS" 2012 "Phosphate_100_Inf" 746.615078699151 1113.18348660826 400.192779876186 -366.568407909111 -0.915979563705579
"LAS" 2013 "Phosphate_100_Inf" 1569.72670997631 1113.18348660826 400.192779876186 456.543223368049 1.14080824623897
"LAS" 2014 "Phosphate_100_Inf" 889.719797397788 1113.18348660826 400.192779876186 -223.463689210474 -0.558390107086916
"LAS" 2015 "Phosphate_100_Inf" 1764.48754182141 1113.18348660826 400.192779876186 651.30405521315 1.62747577658611
"LAS" 2016 "Phosphate_100_Inf" 1347.24664346701 1113.18348660826 400.192779876186 234.063156858747 0.584876011334245
"LAS" 2017 "Phosphate_100_Inf" NA NA NA NA NA
"LAS" 2018 "Phosphate_100_Inf" 1517.19623744536 1113.18348660826 400.192779876186 404.012750837094 1.00954532703486
"LAS" 2019 "Phosphate_100_Inf" 624.797097444058 1113.18348660826 400.192779876186 -488.386389164204 -1.22037781220167
"LAS" 2020 "Phosphate_100_Inf" NA NA NA NA NA
"LAS" 2021 "Phosphate_100_Inf" NA NA NA NA NA
"LAS" 2022 "Phosphate_100_Inf" 667.03973769852 1113.18348660826 400.192779876186 -446.143748909742 -1.11482208411599
"LAS" 2023 "Phosphate_100_Inf" 667.244268745931 1113.18348660826 400.192779876186 -445.939217862331 -1.11431100281294
"LAS" 1997 "Silicate_0_100" 956.330166666667 779.737104777369 87.3737136434553 176.593061889297 2.02112345378746
"LAS" 1998 "Silicate_0_100" NA NA NA NA NA
"LAS" 1999 "Silicate_0_100" NA NA NA NA NA
"LAS" 2000 "Silicate_0_100" 867.84475 779.737104777369 87.3737136434553 88.1076452226307 1.00839991284072
"LAS" 2001 "Silicate_0_100" 907.47151375 779.737104777369 87.3737136434553 127.734408972631 1.46193178298309
"LAS" 2002 "Silicate_0_100" NA NA NA NA NA
"LAS" 2003 "Silicate_0_100" NA NA NA NA NA
"LAS" 2004 "Silicate_0_100" 893.2697221875 779.737104777369 87.3737136434553 113.532617410131 1.29939100303578
"LAS" 2005 "Silicate_0_100" 769.832045454545 779.737104777369 87.3737136434553 -9.90505932282383 -0.113364293559082
"LAS" 2006 "Silicate_0_100" 725.883704545455 779.737104777369 87.3737136434553 -53.8534002319147 -0.61635700242379
"LAS" 2007 "Silicate_0_100" 837.63065625 779.737104777369 87.3737136434553 57.8935514726307 0.662596896234446
"LAS" 2008 "Silicate_0_100" 669.66845 779.737104777369 87.3737136434553 -110.068654777369 -1.25974563959276
"LAS" 2009 "Silicate_0_100" 656.31945 779.737104777369 87.3737136434553 -123.417654777369 -1.41252614351495
"LAS" 2010 "Silicate_0_100" 773.9773125 779.737104777369 87.3737136434553 -5.75979227736923 -0.0659213399223608
"LAS" 2011 "Silicate_0_100" 824.06795 779.737104777369 87.3737136434553 44.3308452226307 0.507370505087273
"LAS" 2012 "Silicate_0_100" 623.541375 779.737104777369 87.3737136434553 -156.195729777369 -1.78767415580795
"LAS" 2013 "Silicate_0_100" 652.44046875 779.737104777369 87.3737136434553 -127.296636027369 -1.45692143230659
"LAS" 2014 "Silicate_0_100" 805.733352777778 779.737104777369 87.3737136434553 25.9962480004085 0.297529393182153
"LAS" 2015 "Silicate_0_100" 807.4657875 779.737104777369 87.3737136434553 27.7286827226307 0.317357264174242
"LAS" 2016 "Silicate_0_100" 823.92403125 779.737104777369 87.3737136434553 44.1869264726307 0.505723342067657
"LAS" 2017 "Silicate_0_100" NA NA NA NA NA
"LAS" 2018 "Silicate_0_100" 852.1628 779.737104777369 87.3737136434553 72.4256952226308 0.828918586637822
"LAS" 2019 "Silicate_0_100" 764.29741125 779.737104777369 87.3737136434553 -15.4396935273693 -0.17670867911571
"LAS" 2020 "Silicate_0_100" NA NA NA NA NA
"LAS" 2021 "Silicate_0_100" NA NA NA NA NA
"LAS" 2022 "Silicate_0_100" 571.57618 779.737104777369 87.3737136434553 -208.160924777369 -2.3824204797659
"LAS" 2023 "Silicate_0_100" 723.500727777778 779.737104777369 87.3737136434553 -56.2363769995915 -0.643630385553651
"LAS" 1997 "Silicate_100_Inf" NA 9925.4092624137 3526.12154013444 NA NA
"LAS" 1998 "Silicate_100_Inf" NA NA NA NA NA
"LAS" 1999 "Silicate_100_Inf" NA NA NA NA NA
"LAS" 2000 "Silicate_100_Inf" 13226.0086926028 9925.4092624137 3526.12154013444 3300.59943018912 0.93604244567908
"LAS" 2001 "Silicate_100_Inf" 7930.64856719162 9925.4092624137 3526.12154013444 -1994.76069522208 -0.565709568577726
"LAS" 2002 "Silicate_100_Inf" NA NA NA NA NA
"LAS" 2003 "Silicate_100_Inf" NA NA NA NA NA
"LAS" 2004 "Silicate_100_Inf" 7112.27415947999 9925.4092624137 3526.12154013444 -2813.13510293371 -0.797798677928286
"LAS" 2005 "Silicate_100_Inf" 6967.25071946215 9925.4092624137 3526.12154013444 -2958.15854295154 -0.838926993661925
"LAS" 2006 "Silicate_100_Inf" 7234.36385294125 9925.4092624137 3526.12154013444 -2691.04540947245 -0.763174320239071
"LAS" 2007 "Silicate_100_Inf" 9511.2857908401 9925.4092624137 3526.12154013444 -414.123471573599 -0.117444468904441
"LAS" 2008 "Silicate_100_Inf" 7386.69409455455 9925.4092624137 3526.12154013444 -2538.71516785915 -0.719973812293025
"LAS" 2009 "Silicate_100_Inf" 15139.6799031222 9925.4092624137 3526.12154013444 5214.27064070854 1.47875522195124
"LAS" 2010 "Silicate_100_Inf" 10474.977884175 9925.4092624137 3526.12154013444 549.568621761351 0.155856403560156
"LAS" 2011 "Silicate_100_Inf" 7196.62391867365 9925.4092624137 3526.12154013444 -2728.78534374005 -0.773877279237519
"LAS" 2012 "Silicate_100_Inf" 5980.37080504066 9925.4092624137 3526.12154013444 -3945.03845737304 -1.11880387912625
"LAS" 2013 "Silicate_100_Inf" 13988.9280907048 9925.4092624137 3526.12154013444 4063.51882829109 1.15240464120138
"LAS" 2014 "Silicate_100_Inf" 8086.5404909446 9925.4092624137 3526.12154013444 -1838.86877146909 -0.52149897572702
"LAS" 2015 "Silicate_100_Inf" 16280.3048544727 9925.4092624137 3526.12154013444 6354.89559205897 1.80223384807566
"LAS" 2016 "Silicate_100_Inf" 12096.4794481295 9925.4092624137 3526.12154013444 2171.07018571583 0.615710536634835
"LAS" 2017 "Silicate_100_Inf" NA NA NA NA NA
"LAS" 2018 "Silicate_100_Inf" 14419.3824852061 9925.4092624137 3526.12154013444 4493.97322279236 1.27448052247825
"LAS" 2019 "Silicate_100_Inf" 5700.14370349114 9925.4092624137 3526.12154013444 -4225.26555892256 -1.19827564388534
"LAS" 2020 "Silicate_100_Inf" NA NA NA NA NA
"LAS" 2021 "Silicate_100_Inf" NA NA NA NA NA
"LAS" 2022 "Silicate_100_Inf" 6122.68625533209 9925.4092624137 3526.12154013444 -3802.72300708161 -1.07844354308236
"LAS" 2023 "Silicate_100_Inf" 7073.96542957944 9925.4092624137 3526.12154013444 -2851.44383283426 -0.80866294606667
