"polygon" "year" "index" "mean_annual" "mean_climatology" "sd_climatology" "anomaly" "standardized_anomaly"
"CLS" 1997 "Nitrate_0_100" 1199.95571428571 1081.75839733986 108.175150899729 118.197316945859 1.09264758091643
"CLS" 1998 "Nitrate_0_100" NA NA NA NA NA
"CLS" 1999 "Nitrate_0_100" NA NA NA NA NA
"CLS" 2000 "Nitrate_0_100" 1061.16482894737 1081.75839733986 108.175150899729 -20.5935683924872 -0.190372448951571
"CLS" 2001 "Nitrate_0_100" 1008.76507575758 1081.75839733986 108.175150899729 -72.9933215822799 -0.674769768982709
"CLS" 2002 "Nitrate_0_100" NA NA NA NA NA
"CLS" 2003 "Nitrate_0_100" NA NA NA NA NA
"CLS" 2004 "Nitrate_0_100" 1151.91575 1081.75839733986 108.175150899729 70.1573526601442 0.648553314477695
"CLS" 2005 "Nitrate_0_100" 1094.70246153846 1081.75839733986 108.175150899729 12.9440641986057 0.119658388187542
"CLS" 2006 "Nitrate_0_100" 983.770683333333 1081.75839733986 108.175150899729 -97.9877140065224 -0.905824611211777
"CLS" 2007 "Nitrate_0_100" 1086.74448333333 1081.75839733986 108.175150899729 4.98608599347767 0.0460927112373472
"CLS" 2008 "Nitrate_0_100" 1022.16228125 1081.75839733986 108.175150899729 -59.5961160898557 -0.550922421592896
"CLS" 2009 "Nitrate_0_100" 1181.725890625 1081.75839733986 108.175150899729 99.9674932851442 0.924126219872872
"CLS" 2010 "Nitrate_0_100" 1108.89302083333 1081.75839733986 108.175150899729 27.1346234934776 0.250839710116324
"CLS" 2011 "Nitrate_0_100" 1039.599546875 1081.75839733986 108.175150899729 -42.1588504648557 -0.389727678807992
"CLS" 2012 "Nitrate_0_100" 881.45075 1081.75839733986 108.175150899729 -200.307647339856 -1.85169741547693
"CLS" 2013 "Nitrate_0_100" 1063.82078947368 1081.75839733986 108.175150899729 -17.9376078661714 -0.165820040156897
"CLS" 2014 "Nitrate_0_100" 1308.89975 1081.75839733986 108.175150899729 227.141352660144 2.09975535759306
"CLS" 2015 "Nitrate_0_100" 969.8875 1081.75839733986 108.175150899729 -111.870897339856 -1.0341644676193
"CLS" 2016 "Nitrate_0_100" 1181.63985294118 1081.75839733986 108.175150899729 99.8814556013208 0.923330864533797
"CLS" 2017 "Nitrate_0_100" NA NA NA NA NA
"CLS" 2018 "Nitrate_0_100" 1250.58161764706 1081.75839733986 108.175150899729 168.823220307203 1.56064695914952
"CLS" 2019 "Nitrate_0_100" 994.168472222222 1081.75839733986 108.175150899729 -87.5899251176335 -0.809704672368086
"CLS" 2020 "Nitrate_0_100" NA NA NA NA NA
"CLS" 2021 "Nitrate_0_100" NA NA NA NA NA
"CLS" 2022 "Nitrate_0_100" 839.16140625 1081.75839733986 108.175150899729 -242.596991089856 -2.24263140908143
"CLS" 2023 "Nitrate_0_100" 884.240208333333 1081.75839733986 108.175150899729 -197.518189006522 -1.82591091728273
"CLS" 1997 "Nitrate_100_Inf" NA 51990.1719980027 1412.07954732692 NA NA
"CLS" 1998 "Nitrate_100_Inf" NA NA NA NA NA
"CLS" 1999 "Nitrate_100_Inf" NA NA NA NA NA
"CLS" 2000 "Nitrate_100_Inf" 50969.4111734733 51990.1719980027 1412.07954732692 -1020.76082452932 -0.722877706473143
"CLS" 2001 "Nitrate_100_Inf" 51268.9060608056 51990.1719980027 1412.07954732692 -721.265937197037 -0.510782794469618
"CLS" 2002 "Nitrate_100_Inf" NA NA NA NA NA
"CLS" 2003 "Nitrate_100_Inf" NA NA NA NA NA
"CLS" 2004 "Nitrate_100_Inf" 51586.8879269309 51990.1719980027 1412.07954732692 -403.284071071743 -0.28559585884178
"CLS" 2005 "Nitrate_100_Inf" 53662.0020132517 51990.1719980027 1412.07954732692 1671.83001524906 1.18394889184101
"CLS" 2006 "Nitrate_100_Inf" 53717.285791382 51990.1719980027 1412.07954732692 1727.11379337937 1.22309950360007
"CLS" 2007 "Nitrate_100_Inf" 52296.1108516495 51990.1719980027 1412.07954732692 305.938853646883 0.216658370433896
"CLS" 2008 "Nitrate_100_Inf" 52521.3396411677 51990.1719980027 1412.07954732692 531.167643165063 0.376159858819972
"CLS" 2009 "Nitrate_100_Inf" 51957.4962477539 51990.1719980027 1412.07954732692 -32.6757502488035 -0.023140162543009
"CLS" 2010 "Nitrate_100_Inf" 52401.6242302003 51990.1719980027 1412.07954732692 411.452232197676 0.291380349624467
"CLS" 2011 "Nitrate_100_Inf" 50538.1836725526 51990.1719980027 1412.07954732692 -1451.98832545005 -1.02826241496003
"CLS" 2012 "Nitrate_100_Inf" 52017.8316600341 51990.1719980027 1412.07954732692 27.6596620314886 0.019587892257096
"CLS" 2013 "Nitrate_100_Inf" 52786.145945169 51990.1719980027 1412.07954732692 795.973947166371 0.563689169404909
"CLS" 2014 "Nitrate_100_Inf" 52447.9311578424 51990.1719980027 1412.07954732692 457.759159839756 0.324173776687226
"CLS" 2015 "Nitrate_100_Inf" 50772.3959068146 51990.1719980027 1412.07954732692 -1217.77609118802 -0.862399071988034
"CLS" 2016 "Nitrate_100_Inf" 48488.8739737505 51990.1719980027 1412.07954732692 -3501.29802425211 -2.47953313315819
"CLS" 2017 "Nitrate_100_Inf" NA NA NA NA NA
"CLS" 2018 "Nitrate_100_Inf" 54654.8717576784 51990.1719980027 1412.07954732692 2664.69975967576 1.88707482147168
"CLS" 2019 "Nitrate_100_Inf" 51745.6259555882 51990.1719980027 1412.07954732692 -244.546042414404 -0.173181491706563
"CLS" 2020 "Nitrate_100_Inf" NA NA NA NA NA
"CLS" 2021 "Nitrate_100_Inf" NA NA NA NA NA
"CLS" 2022 "Nitrate_100_Inf" 52016.1733949701 51990.1719980027 1412.07954732692 26.0013969674037 0.0184135497299884
"CLS" 2023 "Nitrate_100_Inf" 50185.6840877268 51990.1719980027 1412.07954732692 -1804.48791027588 -1.27789394987824
"CLS" 1997 "Phosphate_0_100" 84.7780714285714 80.5676532773293 6.23718307192249 4.21041815124217 0.675051237504303
"CLS" 1998 "Phosphate_0_100" NA NA NA NA NA
"CLS" 1999 "Phosphate_0_100" NA NA NA NA NA
"CLS" 2000 "Phosphate_0_100" 87.6742763157895 80.5676532773293 6.23718307192249 7.10662303846021 1.13939625573147
"CLS" 2001 "Phosphate_0_100" 76.5819090909091 80.5676532773293 6.23718307192249 -3.98574418642016 -0.639029533117686
"CLS" 2002 "Phosphate_0_100" NA NA NA NA NA
"CLS" 2003 "Phosphate_0_100" NA NA NA NA NA
"CLS" 2004 "Phosphate_0_100" 80.6179375 80.5676532773293 6.23718307192249 0.0502842226707401 0.00806200845652602
"CLS" 2005 "Phosphate_0_100" 82.5626730769231 80.5676532773293 6.23718307192249 1.99501979959382 0.319859105719482
"CLS" 2006 "Phosphate_0_100" 71.7532666666667 80.5676532773293 6.23718307192249 -8.81438661066258 -1.41319991878092
"CLS" 2007 "Phosphate_0_100" 78.6281666666667 80.5676532773293 6.23718307192249 -1.9394866106626 -0.310955536866227
"CLS" 2008 "Phosphate_0_100" 73.795640625 80.5676532773293 6.23718307192249 -6.77201265232925 -1.08574857820261
"CLS" 2009 "Phosphate_0_100" 78.6853125 80.5676532773293 6.23718307192249 -1.88234077732926 -0.30179341469114
"CLS" 2010 "Phosphate_0_100" 85.147325 80.5676532773293 6.23718307192249 4.57967172267074 0.73425321493075
"CLS" 2011 "Phosphate_0_100" 78.0745892857143 80.5676532773293 6.23718307192249 -2.49306399161497 -0.399709927200603
"CLS" 2012 "Phosphate_0_100" 72.2930588235294 80.5676532773293 6.23718307192249 -8.27459445379985 -1.32665569671172
"CLS" 2013 "Phosphate_0_100" 84.215 80.5676532773293 6.23718307192249 3.64734672267075 0.584774678025688
"CLS" 2014 "Phosphate_0_100" 89.7609375 80.5676532773293 6.23718307192249 9.19328422267074 1.47394811354112
"CLS" 2015 "Phosphate_0_100" 78.1454305555555 80.5676532773293 6.23718307192249 -2.42222272177371 -0.388352032294461
"CLS" 2016 "Phosphate_0_100" 88.57975 80.5676532773293 6.23718307192249 8.01209672267075 1.28456975373038
"CLS" 2017 "Phosphate_0_100" NA NA NA NA NA
"CLS" 2018 "Phosphate_0_100" 90.3898529411765 80.5676532773293 6.23718307192249 9.82219966384721 1.57478136373184
"CLS" 2019 "Phosphate_0_100" 72.7449791666667 80.5676532773293 6.23718307192249 -7.82267411066259 -1.25419985600189
"CLS" 2020 "Phosphate_0_100" NA NA NA NA NA
"CLS" 2021 "Phosphate_0_100" NA NA NA NA NA
"CLS" 2022 "Phosphate_0_100" 69.6160666666667 80.5676532773293 6.23718307192249 -10.9515866106626 -1.75585460365315
"CLS" 2023 "Phosphate_0_100" 65.4330454545455 80.5676532773293 6.23718307192249 -15.1346078227838 -2.42651332312407
"CLS" 1997 "Phosphate_100_Inf" NA 3509.83594959839 129.481725753982 NA NA
"CLS" 1998 "Phosphate_100_Inf" NA NA NA NA NA
"CLS" 1999 "Phosphate_100_Inf" NA NA NA NA NA
"CLS" 2000 "Phosphate_100_Inf" 3590.80851957735 3509.83594959839 129.481725753982 80.972569978961 0.62535905748438
"CLS" 2001 "Phosphate_100_Inf" 3596.8731933944 3509.83594959839 129.481725753982 87.0372437960082 0.672197125031998
"CLS" 2002 "Phosphate_100_Inf" NA NA NA NA NA
"CLS" 2003 "Phosphate_100_Inf" NA NA NA NA NA
"CLS" 2004 "Phosphate_100_Inf" 3324.4869494105 3509.83594959839 129.481725753982 -185.349000187891 -1.43146841076291
"CLS" 2005 "Phosphate_100_Inf" 3727.55432097937 3509.83594959839 129.481725753982 217.718371380978 1.68146022238418
"CLS" 2006 "Phosphate_100_Inf" 3564.93217207705 3509.83594959839 129.481725753982 55.0962224786558 0.425513501290058
"CLS" 2007 "Phosphate_100_Inf" 3378.68436477636 3509.83594959839 129.481725753982 -131.151584822029 -1.01289648449095
"CLS" 2008 "Phosphate_100_Inf" 3515.91377514355 3509.83594959839 129.481725753982 6.07782554516416 0.0469396396269244
"CLS" 2009 "Phosphate_100_Inf" 3248.02598337491 3509.83594959839 129.481725753982 -261.809966223481 -2.02198391084875
"CLS" 2010 "Phosphate_100_Inf" 3610.14281171001 3509.83594959839 129.481725753982 100.306862111616 0.774679681843302
"CLS" 2011 "Phosphate_100_Inf" 3577.50012369154 3509.83594959839 129.481725753982 67.664174093155 0.522577017715368
"CLS" 2012 "Phosphate_100_Inf" 3693.00586167756 3509.83594959839 129.481725753982 183.169912079172 1.41463910071139
"CLS" 2013 "Phosphate_100_Inf" 3619.96403376522 3509.83594959839 129.481725753982 110.128084166835 0.850529937916342
"CLS" 2014 "Phosphate_100_Inf" 3447.36264761252 3509.83594959839 129.481725753982 -62.4733019858659 -0.482487406018719
"CLS" 2015 "Phosphate_100_Inf" 3453.30765752673 3509.83594959839 129.481725753982 -56.5282920716568 -0.436573514466913
"CLS" 2016 "Phosphate_100_Inf" 3444.54007066325 3509.83594959839 129.481725753982 -65.2958789351378 -0.504286443163427
"CLS" 2017 "Phosphate_100_Inf" NA NA NA NA NA
"CLS" 2018 "Phosphate_100_Inf" 3462.22778914985 3509.83594959839 129.481725753982 -47.6081604485394 -0.367682467709737
"CLS" 2019 "Phosphate_100_Inf" 3411.88086864244 3509.83594959839 129.481725753982 -97.955080955946 -0.756516646542562
"CLS" 2020 "Phosphate_100_Inf" NA NA NA NA NA
"CLS" 2021 "Phosphate_100_Inf" NA NA NA NA NA
"CLS" 2022 "Phosphate_100_Inf" 3460.24965432777 3509.83594959839 129.481725753982 -49.5862952706152 -0.382959795923869
"CLS" 2023 "Phosphate_100_Inf" 3312.57505772201 3509.83594959839 129.481725753982 -197.260891876377 -1.5234651123756
"CLS" 1997 "Silicate_0_100" 727.844428571429 638.735021543353 85.886823366532 89.1094070280756 1.0375212813238
"CLS" 1998 "Silicate_0_100" NA NA NA NA NA
"CLS" 1999 "Silicate_0_100" NA NA NA NA NA
"CLS" 2000 "Silicate_0_100" 720.234368421053 638.735021543353 85.886823366532 81.4993468776996 0.948915604083896
"CLS" 2001 "Silicate_0_100" 541.385416666667 638.735021543353 85.886823366532 -97.3496048766864 -1.13346379643401
"CLS" 2002 "Silicate_0_100" NA NA NA NA NA
"CLS" 2003 "Silicate_0_100" NA NA NA NA NA
"CLS" 2004 "Silicate_0_100" 709.258890625 638.735021543353 85.886823366532 70.523869081647 0.82112559665501
"CLS" 2005 "Silicate_0_100" 541.835942307692 638.735021543353 85.886823366532 -96.8990792356607 -1.12821822297621
"CLS" 2006 "Silicate_0_100" 492.061283333333 638.735021543353 85.886823366532 -146.67373821002 -1.70775600331697
"CLS" 2007 "Silicate_0_100" 684.020116666667 638.735021543353 85.886823366532 45.2850951233137 0.527264757831993
"CLS" 2008 "Silicate_0_100" 617.461109375 638.735021543353 85.886823366532 -21.273912168353 -0.24769704285795
"CLS" 2009 "Silicate_0_100" 647.921796875 638.735021543353 85.886823366532 9.18677533164703 0.106963734034514
"CLS" 2010 "Silicate_0_100" 555.80175 638.735021543353 85.886823366532 -82.933271543353 -0.965611118127232
"CLS" 2011 "Silicate_0_100" 643.146390625 638.735021543353 85.886823366532 4.41136908164697 0.0513625828588506
"CLS" 2012 "Silicate_0_100" 531.473367647059 638.735021543353 85.886823366532 -107.261653896294 -1.24887205850591
"CLS" 2013 "Silicate_0_100" 585.176184210526 638.735021543353 85.886823366532 -53.5588373328267 -0.623597837636375
"CLS" 2014 "Silicate_0_100" 707.256125 638.735021543353 85.886823366532 68.521103456647 0.797806936743081
"CLS" 2015 "Silicate_0_100" 725.705921052632 638.735021543353 85.886823366532 86.9708995092785 1.01262214738249
"CLS" 2016 "Silicate_0_100" 763.461944444444 638.735021543353 85.886823366532 124.726922901091 1.45222419472664
"CLS" 2017 "Silicate_0_100" NA NA NA NA NA
"CLS" 2018 "Silicate_0_100" 758.446911764706 638.735021543353 85.886823366532 119.711890221353 1.39383301802266
"CLS" 2019 "Silicate_0_100" 633.847847222222 638.735021543353 85.886823366532 -4.88717432113083 -0.0569024924844902
"CLS" 2020 "Silicate_0_100" NA NA NA NA NA
"CLS" 2021 "Silicate_0_100" NA NA NA NA NA
"CLS" 2022 "Silicate_0_100" 638.74953125 638.735021543353 85.886823366532 0.0145097066470044 0.000168939845231934
"CLS" 2023 "Silicate_0_100" 625.217916666667 638.735021543353 85.886823366532 -13.5171048766864 -0.157382754965806
"CLS" 1997 "Silicate_100_Inf" NA 32679.520968208 977.231146418855 NA NA
"CLS" 1998 "Silicate_100_Inf" NA NA NA NA NA
"CLS" 1999 "Silicate_100_Inf" NA NA NA NA NA
"CLS" 2000 "Silicate_100_Inf" 33369.5471855921 32679.520968208 977.231146418855 690.026217384086 0.706103381899711
"CLS" 2001 "Silicate_100_Inf" 34071.0118390423 32679.520968208 977.231146418855 1391.49087083425 1.42391170802679
"CLS" 2002 "Silicate_100_Inf" NA NA NA NA NA
"CLS" 2003 "Silicate_100_Inf" NA NA NA NA NA
"CLS" 2004 "Silicate_100_Inf" 32560.7480450113 32679.520968208 977.231146418855 -118.772923196699 -0.12154025547789
"CLS" 2005 "Silicate_100_Inf" 33890.7665085324 32679.520968208 977.231146418855 1211.24554032442 1.23946677790933
"CLS" 2006 "Silicate_100_Inf" 33352.875849041 32679.520968208 977.231146418855 673.354880833012 0.689043613990996
"CLS" 2007 "Silicate_100_Inf" 32526.6196229154 32679.520968208 977.231146418855 -152.901345292601 -0.156463847732362
"CLS" 2008 "Silicate_100_Inf" 33023.9885904563 32679.520968208 977.231146418855 344.467622248292 0.352493495024818
"CLS" 2009 "Silicate_100_Inf" 31678.0453736333 32679.520968208 977.231146418855 -1001.47559457469 -1.02480932811513
"CLS" 2010 "Silicate_100_Inf" 33371.3968881509 32679.520968208 977.231146418855 691.875919942871 0.707996181331621
"CLS" 2011 "Silicate_100_Inf" 32041.5366092215 32679.520968208 977.231146418855 -637.984358986552 -0.652848981865241
"CLS" 2012 "Silicate_100_Inf" 32709.035686175 32679.520968208 977.231146418855 29.5147179669657 0.0302023918037455
"CLS" 2013 "Silicate_100_Inf" 33218.7633092731 32679.520968208 977.231146418855 539.242341065084 0.551806338798331
"CLS" 2014 "Silicate_100_Inf" 30611.5235001566 32679.520968208 977.231146418855 -2067.99746805136 -2.11618047135492
"CLS" 2015 "Silicate_100_Inf" 31809.2361957819 32679.520968208 977.231146418855 -870.284772426123 -0.890561844672423
"CLS" 2016 "Silicate_100_Inf" 31511.3873196457 32679.520968208 977.231146418855 -1168.13364856235 -1.19535040695651
"CLS" 2017 "Silicate_100_Inf" NA NA NA NA NA
"CLS" 2018 "Silicate_100_Inf" 33930.3463202391 32679.520968208 977.231146418855 1250.82535203109 1.27996877362622
"CLS" 2019 "Silicate_100_Inf" 31875.0276166683 32679.520968208 977.231146418855 -804.493351539688 -0.823237526237084
"CLS" 2020 "Silicate_100_Inf" NA NA NA NA NA
"CLS" 2021 "Silicate_100_Inf" NA NA NA NA NA
"CLS" 2022 "Silicate_100_Inf" 32113.964074631 32679.520968208 977.231146418855 -565.55689357701 -0.578734003361989
"CLS" 2023 "Silicate_100_Inf" 32406.2296945572 32679.520968208 977.231146418855 -273.291273650771 -0.279658783546012
"GS" 1997 "Nitrate_0_100" 981.6725 741.881135154062 243.502984335123 239.791364845938 0.984757396303297
"GS" 1998 "Nitrate_0_100" NA NA NA NA NA
"GS" 1999 "Nitrate_0_100" NA NA NA NA NA
"GS" 2000 "Nitrate_0_100" 378.0715 741.881135154062 243.502984335123 -363.809635154062 -1.49406643268637
"GS" 2001 "Nitrate_0_100" 761.1758 741.881135154062 243.502984335123 19.2946648459383 0.0792378988644503
"GS" 2002 "Nitrate_0_100" NA NA NA NA NA
"GS" 2003 "Nitrate_0_100" NA NA NA NA NA
"GS" 2004 "Nitrate_0_100" 737.76325 741.881135154062 243.502984335123 -4.1178851540617 -0.0169110254040847
"GS" 2005 "Nitrate_0_100" 685.6894 741.881135154062 243.502984335123 -56.1917351540617 -0.230764051239418
"GS" 2006 "Nitrate_0_100" 701.897964285714 741.881135154062 243.502984335123 -39.9831708683473 -0.164199921317269
"GS" 2007 "Nitrate_0_100" 968.744333333333 741.881135154062 243.502984335123 226.863198179272 0.931664960077241
"GS" 2008 "Nitrate_0_100" 1287.043 741.881135154062 243.502984335123 545.161864845938 2.23883032207792
"GS" 2009 "Nitrate_0_100" 479.63365 741.881135154062 243.502984335123 -262.247485154062 -1.07697852603376
"GS" 2010 "Nitrate_0_100" 898.09405 741.881135154062 243.502984335123 156.212914845938 0.641523615295609
"GS" 2011 "Nitrate_0_100" 392.42405 741.881135154062 243.502984335123 -349.457085154062 -1.43512444460688
"GS" 2012 "Nitrate_0_100" 542.97505 741.881135154062 243.502984335123 -198.906085154062 -0.816852761362117
"GS" 2013 "Nitrate_0_100" 465.033125 741.881135154062 243.502984335123 -276.848010154062 -1.13693887945557
"GS" 2014 "Nitrate_0_100" 839.99 741.881135154062 243.502984335123 98.1088648459383 0.402906211247559
"GS" 2015 "Nitrate_0_100" 801.921 741.881135154062 243.502984335123 60.0398648459383 0.246567264914125
"GS" 2016 "Nitrate_0_100" 997.130416666667 741.881135154062 243.502984335123 255.249281512605 1.04823882224505
"GS" 2017 "Nitrate_0_100" NA NA NA NA NA
"GS" 2018 "Nitrate_0_100" 968.48 741.881135154062 243.502984335123 226.598864845938 0.930579415544573
"GS" 2019 "Nitrate_0_100" 705.912708333333 741.881135154062 243.502984335123 -35.9684268207283 -0.147712468161073
"GS" 2020 "Nitrate_0_100" NA NA NA NA NA
"GS" 2021 "Nitrate_0_100" NA NA NA NA NA
"GS" 2022 "Nitrate_0_100" 876.680833333333 741.881135154062 243.502984335123 134.799698179272 0.553585404907204
"GS" 2023 "Nitrate_0_100" 654.960833333333 741.881135154062 243.502984335123 -86.9203018207284 -0.356957850262334
"GS" 1997 "Nitrate_100_Inf" NA 23396.0044177845 9109.27157931383 NA NA
"GS" 1998 "Nitrate_100_Inf" NA NA NA NA NA
"GS" 1999 "Nitrate_100_Inf" NA NA NA NA NA
"GS" 2000 "Nitrate_100_Inf" 41162.1041941807 23396.0044177845 9109.27157931383 17766.0997763962 1.9503315519477
"GS" 2001 "Nitrate_100_Inf" 24253.3984967163 23396.0044177845 9109.27157931383 857.394078931808 0.0941232316400421
"GS" 2002 "Nitrate_100_Inf" NA NA NA NA NA
"GS" 2003 "Nitrate_100_Inf" NA NA NA NA NA
"GS" 2004 "Nitrate_100_Inf" 31349.2532073039 23396.0044177845 9109.27157931383 7953.24878951939 0.873093827565791
"GS" 2005 "Nitrate_100_Inf" 19206.1499833522 23396.0044177845 9109.27157931383 -4189.85443443232 -0.459954936896055
"GS" 2006 "Nitrate_100_Inf" 29764.3387085891 23396.0044177845 9109.27157931383 6368.33429080458 0.699104668837229
"GS" 2007 "Nitrate_100_Inf" 29788.0041039248 23396.0044177845 9109.27157931383 6391.99968614031 0.701702614801369
"GS" 2008 "Nitrate_100_Inf" 43538.8096113801 23396.0044177845 9109.27157931383 20142.8051935956 2.21124214139556
"GS" 2009 "Nitrate_100_Inf" 19020.8633201217 23396.0044177845 9109.27157931383 -4375.14109766273 -0.480295384715305
"GS" 2010 "Nitrate_100_Inf" 22539.7711846907 23396.0044177845 9109.27157931383 -856.233233093819 -0.0939957960017607
"GS" 2011 "Nitrate_100_Inf" 19093.1878854095 23396.0044177845 9109.27157931383 -4302.81653237493 -0.472355719654485
"GS" 2012 "Nitrate_100_Inf" 9309.72805382566 23396.0044177845 9109.27157931383 -14086.2763639588 -1.54636693409682
"GS" 2013 "Nitrate_100_Inf" 14052.9480624267 23396.0044177845 9109.27157931383 -9343.05635535779 -1.02566448634322
"GS" 2014 "Nitrate_100_Inf" 17092.8373857994 23396.0044177845 9109.27157931383 -6303.16703198508 -0.691950720439479
"GS" 2015 "Nitrate_100_Inf" 20100.4519840132 23396.0044177845 9109.27157931383 -3295.55243377126 -0.361780017762902
"GS" 2016 "Nitrate_100_Inf" 18551.5376096913 23396.0044177845 9109.27157931383 -4844.46680809315 -0.531817145411979
"GS" 2017 "Nitrate_100_Inf" NA NA NA NA NA
"GS" 2018 "Nitrate_100_Inf" 22109.4302643228 23396.0044177845 9109.27157931383 -1286.57415346169 -0.141237874209762
"GS" 2019 "Nitrate_100_Inf" 16799.2610465882 23396.0044177845 9109.27157931383 -6596.7433711963 -0.72417902065592
"GS" 2020 "Nitrate_100_Inf" NA NA NA NA NA
"GS" 2021 "Nitrate_100_Inf" NA NA NA NA NA
"GS" 2022 "Nitrate_100_Inf" 16701.0590435884 23396.0044177845 9109.27157931383 -6694.94537419611 -0.734959465847918
"GS" 2023 "Nitrate_100_Inf" 15712.5159799103 23396.0044177845 9109.27157931383 -7683.4884378742 -0.843480005066769
"GS" 1997 "Phosphate_0_100" 74.852 63.0032155812325 13.1065600586671 11.8487844187675 0.904034648735475
"GS" 1998 "Phosphate_0_100" NA NA NA NA NA
"GS" 1999 "Phosphate_0_100" NA NA NA NA NA
"GS" 2000 "Phosphate_0_100" 51.151 63.0032155812325 13.1065600586671 -11.8522155812325 -0.904296438438466
"GS" 2001 "Phosphate_0_100" 66.0777 63.0032155812325 13.1065600586671 3.07448441876751 0.234575998965832
"GS" 2002 "Phosphate_0_100" NA NA NA NA NA
"GS" 2003 "Phosphate_0_100" NA NA NA NA NA
"GS" 2004 "Phosphate_0_100" 58.3885 63.0032155812325 13.1065600586671 -4.6147155812325 -0.35209204860591
"GS" 2005 "Phosphate_0_100" 66.2835 63.0032155812325 13.1065600586671 3.28028441876751 0.25027805954304
"GS" 2006 "Phosphate_0_100" 60.8767857142857 63.0032155812325 13.1065600586671 -2.12642986694678 -0.162241645208852
"GS" 2007 "Phosphate_0_100" 73.2964166666667 63.0032155812325 13.1065600586671 10.2932010854342 0.785347264221896
"GS" 2008 "Phosphate_0_100" 87.9664166666667 63.0032155812325 13.1065600586671 24.9632010854342 1.90463408962343
"GS" 2009 "Phosphate_0_100" 37.08585 63.0032155812325 13.1065600586671 -25.9173655812325 -1.97743461787244
"GS" 2010 "Phosphate_0_100" 72.86365 63.0032155812325 13.1065600586671 9.86043441876751 0.752328175709767
"GS" 2011 "Phosphate_0_100" 43.84425 63.0032155812325 13.1065600586671 -19.1589655812325 -1.46178444194921
"GS" 2012 "Phosphate_0_100" 59.73815 63.0032155812325 13.1065600586671 -3.26506558123249 -0.249116897692265
"GS" 2013 "Phosphate_0_100" 46.95925 63.0032155812325 13.1065600586671 -16.0439655812325 -1.22411719851869
"GS" 2014 "Phosphate_0_100" 69.0054166666667 63.0032155812325 13.1065600586671 6.00220108543417 0.457953960350187
"GS" 2015 "Phosphate_0_100" 65.1908 63.0032155812325 13.1065600586671 2.1875844187675 0.16690759504977
"GS" 2016 "Phosphate_0_100" 79.6618333333333 63.0032155812325 13.1065600586671 16.6586177521008 1.27101372728879
"GS" 2017 "Phosphate_0_100" NA NA NA NA NA
"GS" 2018 "Phosphate_0_100" 72.97825 63.0032155812325 13.1065600586671 9.97503441876751 0.761071888742556
"GS" 2019 "Phosphate_0_100" 59.6868958333333 63.0032155812325 13.1065600586671 -3.31631974789916 -0.253027471209439
"GS" 2020 "Phosphate_0_100" NA NA NA NA NA
"GS" 2021 "Phosphate_0_100" NA NA NA NA NA
"GS" 2022 "Phosphate_0_100" 70.3044166666667 63.0032155812325 13.1065600586671 7.30120108543417 0.557064634255885
"GS" 2023 "Phosphate_0_100" 56.9066666666667 63.0032155812325 13.1065600586671 -6.09654891456583 -0.465152479924304
"GS" 1997 "Phosphate_100_Inf" NA 1646.46811943172 608.927790030635 NA NA
"GS" 1998 "Phosphate_100_Inf" NA NA NA NA NA
"GS" 1999 "Phosphate_100_Inf" NA NA NA NA NA
"GS" 2000 "Phosphate_100_Inf" 3045.89885181176 1646.46811943172 608.927790030635 1399.43073238003 2.29818831607214
"GS" 2001 "Phosphate_100_Inf" 1656.87172552524 1646.46811943172 608.927790030635 10.4036060935123 0.0170851228402449
"GS" 2002 "Phosphate_100_Inf" NA NA NA NA NA
"GS" 2003 "Phosphate_100_Inf" NA NA NA NA NA
"GS" 2004 "Phosphate_100_Inf" 2042.46469819435 1646.46811943172 608.927790030635 395.996578762628 0.650317796700829
"GS" 2005 "Phosphate_100_Inf" 1401.87886657992 1646.46811943172 608.927790030635 -244.5892528518 -0.401672015723728
"GS" 2006 "Phosphate_100_Inf" 2026.03218874075 1646.46811943172 608.927790030635 379.564069309026 0.623331822792864
"GS" 2007 "Phosphate_100_Inf" 1881.89178176696 1646.46811943172 608.927790030635 235.423662335237 0.386620000252236
"GS" 2008 "Phosphate_100_Inf" 2835.69838131075 1646.46811943172 608.927790030635 1189.23026187902 1.95299061949397
"GS" 2009 "Phosphate_100_Inf" 1186.04787126776 1646.46811943172 608.927790030635 -460.420248163963 -0.756116333828021
"GS" 2010 "Phosphate_100_Inf" 1582.93236161758 1646.46811943172 608.927790030635 -63.5357578141409 -0.104340381329853
"GS" 2011 "Phosphate_100_Inf" 1305.45247534943 1646.46811943172 608.927790030635 -341.015644082298 -0.560026409806558
"GS" 2012 "Phosphate_100_Inf" 661.357702689038 1646.46811943172 608.927790030635 -985.110416742686 -1.61777871345488
"GS" 2013 "Phosphate_100_Inf" 1947.66403829145 1646.46811943172 608.927790030635 301.195918859725 0.494633228752086
"GS" 2014 "Phosphate_100_Inf" 1152.58919416751 1646.46811943172 608.927790030635 -493.878925264216 -0.811063205440779
"GS" 2015 "Phosphate_100_Inf" 1344.90018913079 1646.46811943172 608.927790030635 -301.567930300931 -0.495244157416037
"GS" 2016 "Phosphate_100_Inf" 1340.32166614815 1646.46811943172 608.927790030635 -306.14645328357 -0.502763149088939
"GS" 2017 "Phosphate_100_Inf" NA NA NA NA NA
"GS" 2018 "Phosphate_100_Inf" 1470.79505273941 1646.46811943172 608.927790030635 -175.673066692317 -0.288495728998473
"GS" 2019 "Phosphate_100_Inf" 1107.16098500846 1646.46811943172 608.927790030635 -539.307134423263 -0.885666811817096
"GS" 2020 "Phosphate_100_Inf" NA NA NA NA NA
"GS" 2021 "Phosphate_100_Inf" NA NA NA NA NA
"GS" 2022 "Phosphate_100_Inf" 1314.90654074642 1646.46811943172 608.927790030635 -331.561578685302 -0.544500651988016
"GS" 2023 "Phosphate_100_Inf" 989.787322006905 1646.46811943172 608.927790030635 -656.68079742482 -1.07842146174965
"GS" 1997 "Silicate_0_100" 587.15625 476.988778011204 147.691657519584 110.167471988796 0.745928875327213
"GS" 1998 "Silicate_0_100" NA NA NA NA NA
"GS" 1999 "Silicate_0_100" NA NA NA NA NA
"GS" 2000 "Silicate_0_100" 566.781625 476.988778011204 147.691657519584 89.7928469887955 0.607975077921301
"GS" 2001 "Silicate_0_100" 483.060775 476.988778011204 147.691657519584 6.07199698879549 0.0411126605982489
"GS" 2002 "Silicate_0_100" NA NA NA NA NA
"GS" 2003 "Silicate_0_100" NA NA NA NA NA
"GS" 2004 "Silicate_0_100" 476.8679 476.988778011204 147.691657519584 -0.120878011204468 -0.000818448470513232
"GS" 2005 "Silicate_0_100" 327.5819 476.988778011204 147.691657519584 -149.406878011204 -1.01161352320386
"GS" 2006 "Silicate_0_100" 326.727892857143 476.988778011204 147.691657519584 -150.260885154062 -1.01739588868881
"GS" 2007 "Silicate_0_100" 577.29975 476.988778011204 147.691657519584 100.310971988796 0.679191862786793
"GS" 2008 "Silicate_0_100" 733.107166666667 476.988778011204 147.691657519584 256.118388655462 1.73414255724972
"GS" 2009 "Silicate_0_100" 203.2359 476.988778011204 147.691657519584 -273.752878011205 -1.85354327122305
"GS" 2010 "Silicate_0_100" 525.55195 476.988778011204 147.691657519584 48.5631719887955 0.328814591185395
"GS" 2011 "Silicate_0_100" 388.67115 476.988778011204 147.691657519584 -88.3176280112045 -0.597986572122351
"GS" 2012 "Silicate_0_100" 449.9433 476.988778011204 147.691657519584 -27.0454780112045 -0.183121230172518
"GS" 2013 "Silicate_0_100" 242.51375 476.988778011204 147.691657519584 -234.475028011205 -1.58759832443557
"GS" 2014 "Silicate_0_100" 550.380833333333 476.988778011204 147.691657519584 73.3920553221289 0.496927562156968
"GS" 2015 "Silicate_0_100" 643.4645 476.988778011204 147.691657519584 166.475721988796 1.12718432973589
"GS" 2016 "Silicate_0_100" 653.389166666667 476.988778011204 147.691657519584 176.400388655462 1.19438288944703
"GS" 2017 "Silicate_0_100" NA NA NA NA NA
"GS" 2018 "Silicate_0_100" 567.579166666667 476.988778011204 147.691657519584 90.5903886554622 0.613375123394831
"GS" 2019 "Silicate_0_100" 392.6525 476.988778011204 147.691657519584 -84.3362780112045 -0.571029396159504
"GS" 2020 "Silicate_0_100" NA NA NA NA NA
"GS" 2021 "Silicate_0_100" NA NA NA NA NA
"GS" 2022 "Silicate_0_100" 616.260416666667 476.988778011204 147.691657519584 139.271638655462 0.942989204633947
"GS" 2023 "Silicate_0_100" 590.31125 476.988778011204 147.691657519584 113.322471988795 0.767290948534236
"GS" 1997 "Silicate_100_Inf" NA 14425.8600073056 5557.80365915299 NA NA
"GS" 1998 "Silicate_100_Inf" NA NA NA NA NA
"GS" 1999 "Silicate_100_Inf" NA NA NA NA NA
"GS" 2000 "Silicate_100_Inf" 27122.5727744632 14425.8600073056 5557.80365915299 12696.7127671576 2.28448386193847
"GS" 2001 "Silicate_100_Inf" 15185.8275243607 14425.8600073056 5557.80365915299 759.967517055071 0.136738820523734
"GS" 2002 "Silicate_100_Inf" NA NA NA NA NA
"GS" 2003 "Silicate_100_Inf" NA NA NA NA NA
"GS" 2004 "Silicate_100_Inf" 19502.4517691408 14425.8600073056 5557.80365915299 5076.59176183517 0.913416895084928
"GS" 2005 "Silicate_100_Inf" 12256.4787154106 14425.8600073056 5557.80365915299 -2169.38129189506 -0.390330681855299
"GS" 2006 "Silicate_100_Inf" 17174.4243552019 14425.8600073056 5557.80365915299 2748.56434789632 0.494541462142117
"GS" 2007 "Silicate_100_Inf" 18225.5696267763 14425.8600073056 5557.80365915299 3799.70961947063 0.683671078090892
"GS" 2008 "Silicate_100_Inf" 25029.2816329956 14425.8600073056 5557.80365915299 10603.42162569 1.90784386710522
"GS" 2009 "Silicate_100_Inf" 11636.803203071 14425.8600073056 5557.80365915299 -2789.05680423461 -0.501827156063958
"GS" 2010 "Silicate_100_Inf" 14060.2847183463 14425.8600073056 5557.80365915299 -365.575288959364 -0.0657769348072073
"GS" 2011 "Silicate_100_Inf" 11864.8558804687 14425.8600073056 5557.80365915299 -2561.00412683687 -0.46079427844113
"GS" 2012 "Silicate_100_Inf" 6151.31907903026 14425.8600073056 5557.80365915299 -8274.54092827536 -1.48881490526357
"GS" 2013 "Silicate_100_Inf" 8312.90843507191 14425.8600073056 5557.80365915299 -6112.95157223371 -1.09988620453809
"GS" 2014 "Silicate_100_Inf" 9844.4851550373 14425.8600073056 5557.80365915299 -4581.37485226832 -0.824313907657279
"GS" 2015 "Silicate_100_Inf" 13216.9509491757 14425.8600073056 5557.80365915299 -1208.90905812992 -0.217515610890465
"GS" 2016 "Silicate_100_Inf" 12562.9868629933 14425.8600073056 5557.80365915299 -1862.87314431234 -0.335181531870855
"GS" 2017 "Silicate_100_Inf" NA NA NA NA NA
"GS" 2018 "Silicate_100_Inf" 13083.5671507787 14425.8600073056 5557.80365915299 -1342.29285652688 -0.241514983048438
"GS" 2019 "Silicate_100_Inf" 10008.8522918733 14425.8600073056 5557.80365915299 -4417.00771543234 -0.794739790449074
"GS" 2020 "Silicate_100_Inf" NA NA NA NA NA
"GS" 2021 "Silicate_100_Inf" NA NA NA NA NA
"GS" 2022 "Silicate_100_Inf" 10028.7201596086 14425.8600073056 5557.80365915299 -4397.139847697 -0.791165020818157
"GS" 2023 "Silicate_100_Inf" 9447.58945689402 14425.8600073056 5557.80365915299 -4978.2705504116 -0.895726235706982
"LAS" 1997 "Nitrate_0_100" 713.909 946.192776483851 196.504999954589 -232.283776483851 -1.18207565475449
"LAS" 1998 "Nitrate_0_100" NA NA NA NA NA
"LAS" 1999 "Nitrate_0_100" NA NA NA NA NA
"LAS" 2000 "Nitrate_0_100" 1047.4043125 946.192776483851 196.504999954589 101.211536016149 0.515058324416877
"LAS" 2001 "Nitrate_0_100" 831.235178571429 946.192776483851 196.504999954589 -114.957597912423 -0.585011057932311
"LAS" 2002 "Nitrate_0_100" NA NA NA NA NA
"LAS" 2003 "Nitrate_0_100" NA NA NA NA NA
"LAS" 2004 "Nitrate_0_100" 1120.89090625 946.192776483851 196.504999954589 174.698129766149 0.889026385112445
"LAS" 2005 "Nitrate_0_100" 815.14825 946.192776483851 196.504999954589 -131.044526483851 -0.666876295840488
"LAS" 2006 "Nitrate_0_100" 765.621568181818 946.192776483851 196.504999954589 -180.571208302033 -0.91891406500477
"LAS" 2007 "Nitrate_0_100" 1044.87671875 946.192776483851 196.504999954589 98.6839422661488 0.502195579191137
"LAS" 2008 "Nitrate_0_100" 734.8498 946.192776483851 196.504999954589 -211.342976483851 -1.07550940959615
"LAS" 2009 "Nitrate_0_100" 1212.1637 946.192776483851 196.504999954589 265.970923516149 1.35350715542919
"LAS" 2010 "Nitrate_0_100" 780.58 946.192776483851 196.504999954589 -165.612776483851 -0.842791666991291
"LAS" 2011 "Nitrate_0_100" 888.949325 946.192776483851 196.504999954589 -57.2434514838511 -0.291307862380498
"LAS" 2012 "Nitrate_0_100" 635.115375 946.192776483851 196.504999954589 -311.077401483851 -1.58305082087346
"LAS" 2013 "Nitrate_0_100" 832.90625 946.192776483851 196.504999954589 -113.286526483851 -0.576507094018123
"LAS" 2014 "Nitrate_0_100" 1024.72722222222 946.192776483851 196.504999954589 78.5344457383711 0.399656221248925
"LAS" 2015 "Nitrate_0_100" 1284.514375 946.192776483851 196.504999954589 338.321598516149 1.72169460621528
"LAS" 2016 "Nitrate_0_100" 963.00734375 946.192776483851 196.504999954589 16.8145672661489 0.0855681395894997
"LAS" 2017 "Nitrate_0_100" NA NA NA NA NA
"LAS" 2018 "Nitrate_0_100" 1281.280625 946.192776483851 196.504999954589 335.087848516149 1.70523828194492
"LAS" 2019 "Nitrate_0_100" 822.00625 946.192776483851 196.504999954589 -124.186526483851 -0.631976420511184
"LAS" 2020 "Nitrate_0_100" NA NA NA NA NA
"LAS" 2021 "Nitrate_0_100" NA NA NA NA NA
"LAS" 2022 "Nitrate_0_100" 663.2945 946.192776483851 196.504999954589 -282.898276483851 -1.43964925345018
"LAS" 2023 "Nitrate_0_100" 786.881666666667 946.192776483851 196.504999954589 -159.311109817185 -0.810722932515715
"LAS" 1997 "Nitrate_100_Inf" NA 16369.325686189 6014.40533355759 NA NA
"LAS" 1998 "Nitrate_100_Inf" NA NA NA NA NA
"LAS" 1999 "Nitrate_100_Inf" NA NA NA NA NA
"LAS" 2000 "Nitrate_100_Inf" 20582.3189714338 16369.325686189 6014.40533355759 4212.99328524475 0.700483763829186
"LAS" 2001 "Nitrate_100_Inf" 11876.3933982853 16369.325686189 6014.40533355759 -4492.93228790376 -0.747028515493508
"LAS" 2002 "Nitrate_100_Inf" NA NA NA NA NA
"LAS" 2003 "Nitrate_100_Inf" NA NA NA NA NA
"LAS" 2004 "Nitrate_100_Inf" 11663.5933773888 16369.325686189 6014.40533355759 -4705.73230880026 -0.782410238057028
"LAS" 2005 "Nitrate_100_Inf" 11137.8494639577 16369.325686189 6014.40533355759 -5231.47622223137 -0.869824352050594
"LAS" 2006 "Nitrate_100_Inf" 11413.6366653954 16369.325686189 6014.40533355759 -4955.6890207936 -0.823969909900012
"LAS" 2007 "Nitrate_100_Inf" 16623.3087583047 16369.325686189 6014.40533355759 253.98307211564 0.0422291245816992
"LAS" 2008 "Nitrate_100_Inf" 13381.2441059976 16369.325686189 6014.40533355759 -2988.08158019147 -0.496820785177107
"LAS" 2009 "Nitrate_100_Inf" 26819.8718157712 16369.325686189 6014.40533355759 10450.5461295822 1.73758593742809
"LAS" 2010 "Nitrate_100_Inf" 17447.172633083 16369.325686189 6014.40533355759 1077.84694689394 0.179210892368702
"LAS" 2011 "Nitrate_100_Inf" 11600.072433914 16369.325686189 6014.40533355759 -4769.25325227506 -0.792971705060322
"LAS" 2012 "Nitrate_100_Inf" 9689.39690816874 16369.325686189 6014.40533355759 -6679.92877802029 -1.1106549039436
"LAS" 2013 "Nitrate_100_Inf" 22026.2111050682 16369.325686189 6014.40533355759 5656.88541887916 0.94055606583686
"LAS" 2014 "Nitrate_100_Inf" 14135.7739802473 16369.325686189 6014.40533355759 -2233.55170594175 -0.371367006722938
"LAS" 2015 "Nitrate_100_Inf" 27398.6510390612 16369.325686189 6014.40533355759 11029.3253528722 1.83381809857971
"LAS" 2016 "Nitrate_100_Inf" 18584.6573014956 16369.325686189 6014.40533355759 2215.33161530659 0.368337598223729
"LAS" 2017 "Nitrate_100_Inf" NA NA NA NA NA
"LAS" 2018 "Nitrate_100_Inf" 24558.7566213109 16369.325686189 6014.40533355759 8189.43093512192 1.361636019014
"LAS" 2019 "Nitrate_100_Inf" 9339.62808633017 16369.325686189 6014.40533355759 -7029.69759985885 -1.16881008345686
"LAS" 2020 "Nitrate_100_Inf" NA NA NA NA NA
"LAS" 2021 "Nitrate_100_Inf" NA NA NA NA NA
"LAS" 2022 "Nitrate_100_Inf" 9859.29012809448 16369.325686189 6014.40533355759 -6510.03555809454 -1.0824071869203
"LAS" 2023 "Nitrate_100_Inf" 11317.1393885721 16369.325686189 6014.40533355759 -5052.18629761694 -0.840014268647323
"LAS" 1997 "Phosphate_0_100" 85.3355 84.4768975450407 8.66472456166245 0.858602454959254 0.0990917194019285
"LAS" 1998 "Phosphate_0_100" NA NA NA NA NA
"LAS" 1999 "Phosphate_0_100" NA NA NA NA NA
"LAS" 2000 "Phosphate_0_100" 99.3319375 84.4768975450407 8.66472456166245 14.8550399549593 1.71442725608223
"LAS" 2001 "Phosphate_0_100" 88.4543214285714 84.4768975450407 8.66472456166245 3.97742388353069 0.459036390046259
"LAS" 2002 "Phosphate_0_100" NA NA NA NA NA
"LAS" 2003 "Phosphate_0_100" NA NA NA NA NA
"LAS" 2004 "Phosphate_0_100" 96.1580625 84.4768975450407 8.66472456166245 11.6811649549593 1.34812882646532
"LAS" 2005 "Phosphate_0_100" 76.4830454545455 84.4768975450407 8.66472456166245 -7.99385209049528 -0.922574287688788
"LAS" 2006 "Phosphate_0_100" 76.7404090909091 84.4768975450407 8.66472456166245 -7.73648845413165 -0.892871827497225
"LAS" 2007 "Phosphate_0_100" 87.96975 84.4768975450407 8.66472456166245 3.49285245495926 0.403111770039821
"LAS" 2008 "Phosphate_0_100" 77.19585 84.4768975450407 8.66472456166245 -7.28104754504074 -0.840309174656991
"LAS" 2009 "Phosphate_0_100" 86.78265 84.4768975450407 8.66472456166245 2.30575245495926 0.266107992071807
"LAS" 2010 "Phosphate_0_100" 83.5203125 84.4768975450407 8.66472456166245 -0.956585045040754 -0.110399936920467
"LAS" 2011 "Phosphate_0_100" 85.1126666666667 84.4768975450407 8.66472456166245 0.635769121625927 0.0733744179750297
"LAS" 2012 "Phosphate_0_100" 62.8547 84.4768975450407 8.66472456166245 -21.6221975450407 -2.49542814559961
"LAS" 2013 "Phosphate_0_100" 76.7434375 84.4768975450407 8.66472456166245 -7.73346004504074 -0.892522317357652
"LAS" 2014 "Phosphate_0_100" 90.9395 84.4768975450407 8.66472456166245 6.46260245495925 0.74585203591507
"LAS" 2015 "Phosphate_0_100" 88.5450625 84.4768975450407 8.66472456166245 4.06816495495926 0.469508860438458
"LAS" 2016 "Phosphate_0_100" 88.215265625 84.4768975450407 8.66472456166245 3.73836807995926 0.431446845581205
"LAS" 2017 "Phosphate_0_100" NA NA NA NA NA
"LAS" 2018 "Phosphate_0_100" 89.458125 84.4768975450407 8.66472456166245 4.98122745495927 0.574885839649073
"LAS" 2019 "Phosphate_0_100" 81.6021625 84.4768975450407 8.66472456166245 -2.87473504504075 -0.331774544543536
"LAS" 2020 "Phosphate_0_100" NA NA NA NA NA
"LAS" 2021 "Phosphate_0_100" NA NA NA NA NA
"LAS" 2022 "Phosphate_0_100" 70.63235 84.4768975450407 8.66472456166245 -13.8445475450407 -1.59780584443465
"LAS" 2023 "Phosphate_0_100" 68.5065833333333 84.4768975450407 8.66472456166245 -15.9703142117074 -1.84314159071702
"LAS" 1997 "Phosphate_100_Inf" NA 1113.12366453942 400.137799788956 NA NA
"LAS" 1998 "Phosphate_100_Inf" NA NA NA NA NA
"LAS" 1999 "Phosphate_100_Inf" NA NA NA NA NA
"LAS" 2000 "Phosphate_100_Inf" 1575.91684828737 1113.12366453942 400.137799788956 462.793183747953 1.15658451661414
"LAS" 2001 "Phosphate_100_Inf" 838.301553927441 1113.12366453942 400.137799788956 -274.822110611976 -0.686818667861235
"LAS" 2002 "Phosphate_100_Inf" NA NA NA NA NA
"LAS" 2003 "Phosphate_100_Inf" NA NA NA NA NA
"LAS" 2004 "Phosphate_100_Inf" 795.10597911696 1113.12366453942 400.137799788956 -318.017685422458 -0.79477041556731
"LAS" 2005 "Phosphate_100_Inf" 711.585871084424 1113.12366453942 400.137799788956 -401.537793454993 -1.00349877883763
"LAS" 2006 "Phosphate_100_Inf" 709.014775197086 1113.12366453942 400.137799788956 -404.108889342332 -1.00992430496562
"LAS" 2007 "Phosphate_100_Inf" 1108.90626968306 1113.12366453942 400.137799788956 -4.21739485635294 -0.0105398561659941
"LAS" 2008 "Phosphate_100_Inf" 904.751955027264 1113.12366453942 400.137799788956 -208.371709512154 -0.520749875722951
"LAS" 2009 "Phosphate_100_Inf" 1775.14615277624 1113.12366453942 400.137799788956 662.022488236818 1.65448625095152
"LAS" 2010 "Phosphate_100_Inf" 1216.32376912488 1113.12366453942 400.137799788956 103.200104585464 0.257911411118607
"LAS" 2011 "Phosphate_100_Inf" 828.859410894485 1113.12366453942 400.137799788956 -284.264253644932 -0.710415896210909
"LAS" 2012 "Phosphate_100_Inf" 746.615078699151 1113.12366453942 400.137799788956 -366.508585840267 -0.915955918270091
"LAS" 2013 "Phosphate_100_Inf" 1569.71291393601 1113.12366453942 400.137799788956 456.589249396595 1.14108002202595
"LAS" 2014 "Phosphate_100_Inf" 889.719670299927 1113.12366453942 400.137799788956 -223.40399423949 -0.558317645464437
"LAS" 2015 "Phosphate_100_Inf" 1764.47778335547 1113.12366453942 400.137799788956 651.354118816055 1.62782451235449
"LAS" 2016 "Phosphate_100_Inf" 1346.73119254395 1113.12366453942 400.137799788956 233.607528004535 0.583817695123394
"LAS" 2017 "Phosphate_100_Inf" NA NA NA NA NA
"LAS" 2018 "Phosphate_100_Inf" 1517.12798405804 1113.12366453942 400.137799788956 404.00431951862 1.00966297043594
"LAS" 2019 "Phosphate_100_Inf" 624.805089158332 1113.12366453942 400.137799788956 -488.318575381086 -1.22037601955786
"LAS" 2020 "Phosphate_100_Inf" NA NA NA NA NA
"LAS" 2021 "Phosphate_100_Inf" NA NA NA NA NA
"LAS" 2022 "Phosphate_100_Inf" 666.953832462923 1113.12366453942 400.137799788956 -446.169832076495 -1.11504044934474
"LAS" 2023 "Phosphate_100_Inf" 667.099381245931 1113.12366453942 400.137799788956 -446.024283293487 -1.11467670269775
"LAS" 1997 "Silicate_0_100" 956.330166666667 779.503770442344 87.2271830623342 176.826396224323 2.02719370288456
"LAS" 1998 "Silicate_0_100" NA NA NA NA NA
"LAS" 1999 "Silicate_0_100" NA NA NA NA NA
"LAS" 2000 "Silicate_0_100" 867.1049375 779.503770442344 87.2271830623342 87.6011670576564 1.00428747074241
"LAS" 2001 "Silicate_0_100" 907.537535714286 779.503770442344 87.2271830623342 128.033765271942 1.4678195578143
"LAS" 2002 "Silicate_0_100" NA NA NA NA NA
"LAS" 2003 "Silicate_0_100" NA NA NA NA NA
"LAS" 2004 "Silicate_0_100" 893.135375 779.503770442344 87.2271830623342 113.631604557656 1.30270863472059
"LAS" 2005 "Silicate_0_100" 769.832045454545 779.503770442344 87.2271830623342 -9.67172498779814 -0.110879712587836
"LAS" 2006 "Silicate_0_100" 725.883704545455 779.503770442344 87.2271830623342 -53.6200658968891 -0.614717385273936
"LAS" 2007 "Silicate_0_100" 837.63065625 779.503770442344 87.2271830623342 58.1268858076564 0.666384993381224
"LAS" 2008 "Silicate_0_100" 669.66845 779.503770442344 87.2271830623342 -109.835320442344 -1.25918683357977
"LAS" 2009 "Silicate_0_100" 656.31945 779.503770442344 87.2271830623342 -123.184320442344 -1.41222398933041
"LAS" 2010 "Silicate_0_100" 773.9773125 779.503770442344 87.2271830623342 -5.52645794234354 -0.0633570608189219
"LAS" 2011 "Silicate_0_100" 824.06795 779.503770442344 87.2271830623342 44.5641795576564 0.51089784162593
"LAS" 2012 "Silicate_0_100" 623.541375 779.503770442344 87.2271830623342 -155.962395442344 -1.7880022026034
"LAS" 2013 "Silicate_0_100" 652.35125 779.503770442344 87.2271830623342 -127.152520442344 -1.45771668851759
"LAS" 2014 "Silicate_0_100" 805.740555555556 779.503770442344 87.2271830623342 26.236785113212 0.300786798244565
"LAS" 2015 "Silicate_0_100" 807.568125 779.503770442344 87.2271830623342 28.0643545576564 0.321738632068413
"LAS" 2016 "Silicate_0_100" 818.8175 779.503770442344 87.2271830623342 39.3137295576563 0.450705023106867
"LAS" 2017 "Silicate_0_100" NA NA NA NA NA
"LAS" 2018 "Silicate_0_100" 853.23875 779.503770442344 87.2271830623342 73.7349795576565 0.845321114003694
"LAS" 2019 "Silicate_0_100" 765.149125 779.503770442344 87.2271830623342 -14.3546454423437 -0.164566192996116
"LAS" 2020 "Silicate_0_100" NA NA NA NA NA
"LAS" 2021 "Silicate_0_100" NA NA NA NA NA
"LAS" 2022 "Silicate_0_100" 569.16075 779.503770442344 87.2271830623342 -210.343020442344 -2.41143887785564
"LAS" 2023 "Silicate_0_100" 721.441388888889 779.503770442344 87.2271830623342 -58.0623815534547 -0.665645496220624
"LAS" 1997 "Silicate_100_Inf" NA 9926.90951570193 3527.03509887872 NA NA
"LAS" 1998 "Silicate_100_Inf" NA NA NA NA NA
"LAS" 1999 "Silicate_100_Inf" NA NA NA NA NA
"LAS" 2000 "Silicate_100_Inf" 13225.6874801028 9926.90951570193 3527.03509887872 3298.77796440089 0.935283565919036
"LAS" 2001 "Silicate_100_Inf" 7930.61135253491 9926.90951570193 3527.03509887872 -1996.29816316701 -0.565998950166857
"LAS" 2002 "Silicate_100_Inf" NA NA NA NA NA
"LAS" 2003 "Silicate_100_Inf" NA NA NA NA NA
"LAS" 2004 "Silicate_100_Inf" 7112.23380503598 9926.90951570193 3527.03509887872 -2814.67571066595 -0.798028834915979
"LAS" 2005 "Silicate_100_Inf" 6967.25071946215 9926.90951570193 3527.03509887872 -2959.65879623977 -0.839135056291523
"LAS" 2006 "Silicate_100_Inf" 7234.36385294125 9926.90951570193 3527.03509887872 -2692.54566276068 -0.763402004027877
"LAS" 2007 "Silicate_100_Inf" 9511.2857908401 9926.90951570193 3527.03509887872 -415.623724861831 -0.117839407096902
"LAS" 2008 "Silicate_100_Inf" 7386.69409455455 9926.90951570193 3527.03509887872 -2540.21542114738 -0.720212685707306
"LAS" 2009 "Silicate_100_Inf" 15139.6799031222 9926.90951570193 3527.03509887872 5212.77038742031 1.47794684239958
"LAS" 2010 "Silicate_100_Inf" 10474.977884175 9926.90951570193 3527.03509887872 548.068368473119 0.155390676051779
"LAS" 2011 "Silicate_100_Inf" 7196.62391867365 9926.90951570193 3527.03509887872 -2730.28559702828 -0.774102190788027
"LAS" 2012 "Silicate_100_Inf" 5980.37080504066 9926.90951570193 3527.03509887872 -3946.53871066127 -1.11893944914694
"LAS" 2013 "Silicate_100_Inf" 13989.0720885486 9926.90951570193 3527.03509887872 4062.16257284672 1.15172161857366
"LAS" 2014 "Silicate_100_Inf" 8086.5409458847 9926.90951570193 3527.03509887872 -1840.36856981723 -0.521789128325461
"LAS" 2015 "Silicate_100_Inf" 16280.0233624076 9926.90951570193 3527.03509887872 6353.11384670563 1.80126187253576
"LAS" 2016 "Silicate_100_Inf" 12121.74228246 9926.90951570193 3527.03509887872 2194.83276675807 0.622288325811055
"LAS" 2017 "Silicate_100_Inf" NA NA NA NA NA
"LAS" 2018 "Silicate_100_Inf" 14419.584497032 9926.90951570193 3527.03509887872 4492.67498133006 1.27378232860748
"LAS" 2019 "Silicate_100_Inf" 5700.71898411655 9926.90951570193 3527.03509887872 -4226.19053158538 -1.19822752343149
"LAS" 2020 "Silicate_100_Inf" NA NA NA NA NA
"LAS" 2021 "Silicate_100_Inf" NA NA NA NA NA
"LAS" 2022 "Silicate_100_Inf" 6122.08664385206 9926.90951570193 3527.03509887872 -3804.82287184987 -1.07875957147675
"LAS" 2023 "Silicate_100_Inf" 7071.39568526205 9926.90951570193 3527.03509887872 -2855.51383043987 -0.809607432414741
