"polygon" "year" "index" "mean_annual" "mean_climatology" "sd_climatology" "anomaly" "standardized_anomaly"
"CLS" 1998 "spring_timing" 160 168.6 15.908951468972 -8.59999999999999 -0.540576166617455
"CLS" 1999 "spring_timing" 154 168.6 15.908951468972 -14.6 -0.917722329373819
"CLS" 2000 "spring_timing" 179 168.6 15.908951468972 10.4 0.653720015444365
"CLS" 2001 "spring_timing" 185 168.6 15.908951468972 16.4 1.03086617820073
"CLS" 2002 "spring_timing" 178 168.6 15.908951468972 9.40000000000001 0.590862321651638
"CLS" 2003 "spring_timing" 186 168.6 15.908951468972 17.4 1.09372387199346
"CLS" 2004 "spring_timing" 189 168.6 15.908951468972 20.4 1.28229695337164
"CLS" 2005 "spring_timing" 167 168.6 15.908951468972 -1.59999999999999 -0.100572310068363
"CLS" 2006 "spring_timing" 148 168.6 15.908951468972 -20.6 -1.29486849213018
"CLS" 2007 "spring_timing" 165 168.6 15.908951468972 -3.59999999999999 -0.226287697653818
"CLS" 2008 "spring_timing" 154 168.6 15.908951468972 -14.6 -0.917722329373819
"CLS" 2009 "spring_timing" 181 168.6 15.908951468972 12.4 0.77943540302982
"CLS" 2010 "spring_timing" 160 168.6 15.908951468972 -8.59999999999999 -0.540576166617455
"CLS" 2011 "spring_timing" 178 168.6 15.908951468972 9.40000000000001 0.590862321651638
"CLS" 2012 "spring_timing" 151 168.6 15.908951468972 -17.6 -1.106295410752
"CLS" 2013 "spring_timing" 157 168.6 15.908951468972 -11.6 -0.729149247995637
"CLS" 2014 "spring_timing" 146 168.6 15.908951468972 -22.6 -1.42058387971564
"CLS" 2015 "spring_timing" 136 168.6 15.908951468972 -32.6 -2.04916081764291
"CLS" 2016 "spring_timing" 175 168.6 15.908951468972 6.40000000000001 0.402289240273455
"CLS" 2017 "spring_timing" 189 168.6 15.908951468972 20.4 1.28229695337164
"CLS" 2018 "spring_timing" 173 168.6 15.908951468972 4.40000000000001 0.276573852688001
"CLS" 2019 "spring_timing" 185 168.6 15.908951468972 16.4 1.03086617820073
"CLS" 2020 "spring_timing" 169 168.6 15.908951468972 0.400000000000006 0.0251430775170913
"CLS" 2021 "spring_timing" 184 168.6 15.908951468972 15.4 0.968008484408002
"CLS" 2022 "spring_timing" 126 168.6 15.908951468972 -42.6 -2.67773775557019
"CLS" 2023 "spring_timing" 161 168.6 15.908951468972 -7.59999999999999 -0.477718472824728
"CLS" 2024 "spring_timing" 133 168.6 15.908951468972 -35.6 -2.23773389902109
"CLS" 1998 "fall_timing" NA 260.625 12.8730985650956 NA NA
"CLS" 1999 "fall_timing" 279 260.625 12.8730985650956 18.375 1.42739526983988
"CLS" 2000 "fall_timing" 260 260.625 12.8730985650956 -0.625 -0.0485508595183632
"CLS" 2001 "fall_timing" 264 260.625 12.8730985650956 3.375 0.262174641399161
"CLS" 2002 "fall_timing" 246 260.625 12.8730985650956 -14.625 -1.1360901127297
"CLS" 2003 "fall_timing" 269 260.625 12.8730985650956 8.375 0.650581517546067
"CLS" 2004 "fall_timing" 264 260.625 12.8730985650956 3.375 0.262174641399161
"CLS" 2005 "fall_timing" NA 260.625 12.8730985650956 NA NA
"CLS" 2006 "fall_timing" 266 260.625 12.8730985650956 5.375 0.417537391857924
"CLS" 2007 "fall_timing" NA 260.625 12.8730985650956 NA NA
"CLS" 2008 "fall_timing" 257 260.625 12.8730985650956 -3.625 -0.281594985206507
"CLS" 2009 "fall_timing" 275 260.625 12.8730985650956 14.375 1.11666976892235
"CLS" 2010 "fall_timing" 256 260.625 12.8730985650956 -4.625 -0.359276360435888
"CLS" 2011 "fall_timing" 269 260.625 12.8730985650956 8.375 0.650581517546067
"CLS" 2012 "fall_timing" 249 260.625 12.8730985650956 -11.625 -0.903045987041556
"CLS" 2013 "fall_timing" 273 260.625 12.8730985650956 12.375 0.961307018463592
"CLS" 2014 "fall_timing" 252 260.625 12.8730985650956 -8.625 -0.670001861353412
"CLS" 2015 "fall_timing" 266 260.625 12.8730985650956 5.375 0.417537391857924
"CLS" 2016 "fall_timing" 235 260.625 12.8730985650956 -25.625 -1.99058524025289
"CLS" 2017 "fall_timing" NA 260.625 12.8730985650956 NA NA
"CLS" 2018 "fall_timing" NA 260.625 12.8730985650956 NA NA
"CLS" 2019 "fall_timing" 284 260.625 12.8730985650956 23.375 1.81580214598678
"CLS" 2020 "fall_timing" 245 260.625 12.8730985650956 -15.625 -1.21377148795908
"CLS" 2021 "fall_timing" 274 260.625 12.8730985650956 13.375 1.03898839369297
"CLS" 2022 "fall_timing" 241 260.625 12.8730985650956 -19.625 -1.5244969888766
"CLS" 2023 "fall_timing" 239 260.625 12.8730985650956 -21.625 -1.67985973933537
"CLS" 2024 "fall_timing" 245 260.625 12.8730985650956 -15.625 -1.21377148795908
"CLS" 1998 "Spring_w_average" 1.01211478161618 1.60861045682791 0.615323113856442 -0.59649567521173 -0.969402354274141
"CLS" 1999 "Spring_w_average" 0.704357971465192 1.60861045682791 0.615323113856442 -0.904252485362722 -1.46955715623205
"CLS" 2000 "Spring_w_average" 0.840743594895117 1.60861045682791 0.615323113856442 -0.767866861932797 -1.24790836658209
"CLS" 2001 "Spring_w_average" 1.31723524953995 1.60861045682791 0.615323113856442 -0.29137520728796 -0.473532036626759
"CLS" 2002 "Spring_w_average" 1.17559242244263 1.60861045682791 0.615323113856442 -0.433018034385285 -0.703724636104455
"CLS" 2003 "Spring_w_average" 1.39691209021382 1.60861045682791 0.615323113856442 -0.211698366614096 -0.344044229522452
"CLS" 2004 "Spring_w_average" 1.19548116753849 1.60861045682791 0.615323113856442 -0.41312928928942 -0.671402195019453
"CLS" 2005 "Spring_w_average" 1.48837536519047 1.60861045682791 0.615323113856442 -0.120235091637446 -0.195401552338724
"CLS" 2006 "Spring_w_average" 1.65139386287612 1.60861045682791 0.615323113856442 0.0427834060482033 0.0695299836537343
"CLS" 2007 "Spring_w_average" 1.62614038936796 1.60861045682791 0.615323113856442 0.0175299325400486 0.0284889875665202
"CLS" 2008 "Spring_w_average" 1.32000762679184 1.60861045682791 0.615323113856442 -0.288602830036074 -0.469026473306522
"CLS" 2009 "Spring_w_average" 0.796308509353236 1.60861045682791 0.615323113856442 -0.812301947474678 -1.32012259767669
"CLS" 2010 "Spring_w_average" 1.37938545882256 1.60861045682791 0.615323113856442 -0.229224998005351 -0.372527852186014
"CLS" 2011 "Spring_w_average" 1.32514484480214 1.60861045682791 0.615323113856442 -0.283465612025771 -0.460677659659482
"CLS" 2012 "Spring_w_average" 1.84316386055061 1.60861045682791 0.615323113856442 0.234553403722696 0.381187376909456
"CLS" 2013 "Spring_w_average" 0.793986824719579 1.60861045682791 0.615323113856442 -0.814623632108335 -1.3238957122914
"CLS" 2014 "Spring_w_average" 1.8717796611988 1.60861045682791 0.615323113856442 0.263169204370882 0.427692700704041
"CLS" 2015 "Spring_w_average" 2.2827532629896 1.60861045682791 0.615323113856442 0.674142806161689 1.09559155341428
"CLS" 2016 "Spring_w_average" 3.05949891312505 1.60861045682791 0.615323113856442 1.45088845629714 2.35792939290695
"CLS" 2017 "Spring_w_average" 3.13759007640434 1.60861045682791 0.615323113856442 1.52897961957642 2.4848402167014
"CLS" 2018 "Spring_w_average" 1.60740462474873 1.60861045682791 0.615323113856442 -0.0012058320791879 -0.00195967297836503
"CLS" 2019 "Spring_w_average" 1.65085841481207 1.60861045682791 0.615323113856442 0.0422479579841519 0.0686597935828697
"CLS" 2020 "Spring_w_average" 1.25319651107029 1.60861045682791 0.615323113856442 -0.355413945757624 -0.577605387728933
"CLS" 2021 "Spring_w_average" 1.72161619145887 1.60861045682791 0.615323113856442 0.11300573463096 0.183652673020382
"CLS" 2022 "Spring_w_average" 1.95999785400281 1.60861045682791 0.615323113856442 0.351387397174892 0.571061592295187
"CLS" 2023 "Spring_w_average" 1.43189385404278 1.60861045682791 0.615323113856442 -0.176716602785131 -0.287193181607607
"CLS" 2024 "Spring_w_average" 1.49421081284295 1.60861045682791 0.615323113856442 -0.114399643984962 -0.185918002117586
"CLS" 1998 "Fall_w_average" 0.437911741844749 0.624098559139852 0.233315326361238 -0.186186817295103 -0.798005086930437
"CLS" 1999 "Fall_w_average" 0.470519819456388 0.624098559139852 0.233315326361238 -0.153578739683464 -0.658245397242704
"CLS" 2000 "Fall_w_average" 0.417263041192971 0.624098559139852 0.233315326361238 -0.20683551794688 -0.886506348179806
"CLS" 2001 "Fall_w_average" 0.633699377942006 0.624098559139852 0.233315326361238 0.00960081880215413 0.0411495419177451
"CLS" 2002 "Fall_w_average" 0.284221697177513 0.624098559139852 0.233315326361238 -0.339876861962339 -1.45672754234805
"CLS" 2003 "Fall_w_average" 0.369311353084758 0.624098559139852 0.233315326361238 -0.254787206055094 -1.09202944370921
"CLS" 2004 "Fall_w_average" 0.453891652267414 0.624098559139852 0.233315326361238 -0.170206906872438 -0.729514470939256
"CLS" 2005 "Fall_w_average" 0.81837966176313 0.624098559139852 0.233315326361238 0.194281102623278 0.832697558507051
"CLS" 2006 "Fall_w_average" 0.761133610479668 0.624098559139852 0.233315326361238 0.137035051339816 0.587338403683121
"CLS" 2007 "Fall_w_average" 0.57467168893082 0.624098559139852 0.233315326361238 -0.0494268702090322 -0.211845792472739
"CLS" 2008 "Fall_w_average" 0.409629588318371 0.624098559139852 0.233315326361238 -0.214468970821481 -0.919223671099182
"CLS" 2009 "Fall_w_average" 0.321311377756912 0.624098559139852 0.233315326361238 -0.30278718138294 -1.29775950043736
"CLS" 2010 "Fall_w_average" 1.02115203108198 0.624098559139852 0.233315326361238 0.397053471942132 1.70178906861602
"CLS" 2011 "Fall_w_average" 0.481254592255432 0.624098559139852 0.233315326361238 -0.14284396688442 -0.61223567740791
"CLS" 2012 "Fall_w_average" 0.819486717889921 0.624098559139852 0.233315326361238 0.195388158750069 0.837442450941062
"CLS" 2013 "Fall_w_average" 0.51039377040142 0.624098559139852 0.233315326361238 -0.113704788738432 -0.487343847109234
"CLS" 2014 "Fall_w_average" 0.525384136255743 0.624098559139852 0.233315326361238 -0.0987144228841085 -0.423094463718473
"CLS" 2015 "Fall_w_average" 1.0481608671567 0.624098559139852 0.233315326361238 0.424062308016844 1.817550156822
"CLS" 2016 "Fall_w_average" 1.05281443690245 0.624098559139852 0.233315326361238 0.428715877762602 1.83749556640282
"CLS" 2017 "Fall_w_average" 0.699077422895685 0.624098559139852 0.233315326361238 0.0749788637558332 0.321362787971095
"CLS" 2018 "Fall_w_average" 0.486012920704723 0.624098559139852 0.233315326361238 -0.138085638435129 -0.591841267304203
"CLS" 2019 "Fall_w_average" 0.594402805503985 0.624098559139852 0.233315326361238 -0.0296957536358672 -0.127277337922884
"CLS" 2020 "Fall_w_average" 0.617581474028403 0.624098559139852 0.233315326361238 -0.00651708511144877 -0.0279325203924173
"CLS" 2021 "Fall_w_average" 0.98856017815758 0.624098559139852 0.233315326361238 0.364461619017728 1.56209891866872
"CLS" 2022 "Fall_w_average" 1.06286048230179 0.624098559139852 0.233315326361238 0.438761923161943 1.88055336957425
"CLS" 2023 "Fall_w_average" 0.749942192149868 0.624098559139852 0.233315326361238 0.125843633010016 0.539371480530922
"CLS" 2024 "Fall_w_average" 0.990262107607959 0.624098559139852 0.233315326361238 0.366163548468107 1.56939346496759
"GS" 1998 "spring_timing" 147 137.2 11.1855169515621 9.80000000000001 0.876132953214233
"GS" 1999 "spring_timing" 154 137.2 11.1855169515621 16.8 1.50194220551011
"GS" 2000 "spring_timing" 138 137.2 11.1855169515621 0.800000000000011 0.0715210574052444
"GS" 2001 "spring_timing" 141 137.2 11.1855169515621 3.80000000000001 0.339725022674907
"GS" 2002 "spring_timing" 133 137.2 11.1855169515621 -4.19999999999999 -0.375485551377527
"GS" 2003 "spring_timing" 130 137.2 11.1855169515621 -7.19999999999999 -0.64368951664719
"GS" 2004 "spring_timing" 125 137.2 11.1855169515621 -12.2 -1.09069612542996
"GS" 2005 "spring_timing" 113 137.2 11.1855169515621 -24.2 -2.16351198650861
"GS" 2006 "spring_timing" 138 137.2 11.1855169515621 0.800000000000011 0.0715210574052444
"GS" 2007 "spring_timing" 141 137.2 11.1855169515621 3.80000000000001 0.339725022674907
"GS" 2008 "spring_timing" 163 137.2 11.1855169515621 25.8 2.3065541013191
"GS" 2009 "spring_timing" 144 137.2 11.1855169515621 6.80000000000001 0.60792898794457
"GS" 2010 "spring_timing" 129 137.2 11.1855169515621 -8.19999999999999 -0.733090838403744
"GS" 2011 "spring_timing" 138 137.2 11.1855169515621 0.800000000000011 0.0715210574052444
"GS" 2012 "spring_timing" 141 137.2 11.1855169515621 3.80000000000001 0.339725022674907
"GS" 2013 "spring_timing" 137 137.2 11.1855169515621 -0.199999999999989 -0.0178802643513098
"GS" 2014 "spring_timing" 151 137.2 11.1855169515621 13.8 1.23373824024045
"GS" 2015 "spring_timing" 137 137.2 11.1855169515621 -0.199999999999989 -0.0178802643513098
"GS" 2016 "spring_timing" 143 137.2 11.1855169515621 5.80000000000001 0.518527666188016
"GS" 2017 "spring_timing" 134 137.2 11.1855169515621 -3.19999999999999 -0.286084229620973
"GS" 2018 "spring_timing" 145 137.2 11.1855169515621 7.80000000000001 0.697330309701124
"GS" 2019 "spring_timing" 117 137.2 11.1855169515621 -20.2 -1.8059066994824
"GS" 2020 "spring_timing" 144 137.2 11.1855169515621 6.80000000000001 0.60792898794457
"GS" 2021 "spring_timing" 129 137.2 11.1855169515621 -8.19999999999999 -0.733090838403744
"GS" 2022 "spring_timing" 145 137.2 11.1855169515621 7.80000000000001 0.697330309701124
"GS" 2023 "spring_timing" 151 137.2 11.1855169515621 13.8 1.23373824024045
"GS" 2024 "spring_timing" 145 137.2 11.1855169515621 7.80000000000001 0.697330309701124
"GS" 1998 "fall_timing" 227 247.578947368421 26.6923122296241 -20.578947368421 -0.770969078714048
"GS" 1999 "fall_timing" 237 247.578947368421 26.6923122296241 -10.578947368421 -0.396329372945073
"GS" 2000 "fall_timing" 275 247.578947368421 26.6923122296241 27.421052631579 1.02730150897703
"GS" 2001 "fall_timing" 279 247.578947368421 26.6923122296241 31.421052631579 1.17715739128462
"GS" 2002 "fall_timing" NA 247.578947368421 26.6923122296241 NA NA
"GS" 2003 "fall_timing" 262 247.578947368421 26.6923122296241 14.421052631579 0.540269891477364
"GS" 2004 "fall_timing" 253 247.578947368421 26.6923122296241 5.42105263157896 0.203094156285287
"GS" 2005 "fall_timing" 265 247.578947368421 26.6923122296241 17.421052631579 0.652661803208057
"GS" 2006 "fall_timing" 248 247.578947368421 26.6923122296241 0.421052631578959 0.0157743034007994
"GS" 2007 "fall_timing" 216 247.578947368421 26.6923122296241 -31.578947368421 -1.18307275505992
"GS" 2008 "fall_timing" 210 247.578947368421 26.6923122296241 -37.578947368421 -1.40785657852131
"GS" 2009 "fall_timing" 268 247.578947368421 26.6923122296241 20.421052631579 0.765053714938749
"GS" 2010 "fall_timing" 250 247.578947368421 26.6923122296241 2.42105263157896 0.0907022445545944
"GS" 2011 "fall_timing" 269 247.578947368421 26.6923122296241 21.421052631579 0.802517685515647
"GS" 2012 "fall_timing" 222 247.578947368421 26.6923122296241 -25.578947368421 -0.958288931598535
"GS" 2013 "fall_timing" 209 247.578947368421 26.6923122296241 -38.578947368421 -1.4453205490982
"GS" 2014 "fall_timing" 298 247.578947368421 26.6923122296241 50.421052631579 1.88897283224567
"GS" 2015 "fall_timing" 213 247.578947368421 26.6923122296241 -34.578947368421 -1.29546466679061
"GS" 2016 "fall_timing" 244 247.578947368421 26.6923122296241 -3.57894736842104 -0.134081578906791
"GS" 2017 "fall_timing" 276 247.578947368421 26.6923122296241 28.421052631579 1.06476547955393
"GS" 2018 "fall_timing" 252 247.578947368421 26.6923122296241 4.42105263157896 0.165630185708389
"GS" 2019 "fall_timing" 213 247.578947368421 26.6923122296241 -34.578947368421 -1.29546466679061
"GS" 2020 "fall_timing" 257 247.578947368421 26.6923122296241 9.42105263157896 0.352950038592877
"GS" 2021 "fall_timing" 204 247.578947368421 26.6923122296241 -43.578947368421 -1.63264040198269
"GS" 2022 "fall_timing" 278 247.578947368421 26.6923122296241 30.421052631579 1.13969342070772
"GS" 2023 "fall_timing" 250 247.578947368421 26.6923122296241 2.42105263157896 0.0907022445545944
"GS" 2024 "fall_timing" 280 247.578947368421 26.6923122296241 32.421052631579 1.21462136186152
"GS" 1998 "Spring_w_average" 3.48097735598289 3.04494591295281 1.02003935276169 0.43603144303008 0.427465314793545
"GS" 1999 "Spring_w_average" 3.12193828017389 3.04494591295281 1.02003935276169 0.0769923672210826 0.0754798008651634
"GS" 2000 "Spring_w_average" 2.23906685905394 3.04494591295281 1.02003935276169 -0.805879053898864 -0.790047022908478
"GS" 2001 "Spring_w_average" 5.20229815505197 3.04494591295281 1.02003935276169 2.15735224209917 2.11496961980758
"GS" 2002 "Spring_w_average" 4.01199166739609 3.04494591295281 1.02003935276169 0.96704575444328 0.948047496231459
"GS" 2003 "Spring_w_average" 4.05637666064035 3.04494591295281 1.02003935276169 1.01143074768754 0.991560516708648
"GS" 2004 "Spring_w_average" 2.37611616726472 3.04494591295281 1.02003935276169 -0.668829745688085 -0.65569013967674
"GS" 2005 "Spring_w_average" 2.59140233446094 3.04494591295281 1.02003935276169 -0.453543578491872 -0.444633412685433
"GS" 2006 "Spring_w_average" 2.95133851683441 3.04494591295281 1.02003935276169 -0.0936073961183994 -0.0917684164488001
"GS" 2007 "Spring_w_average" 2.83119472761904 3.04494591295281 1.02003935276169 -0.213751185333772 -0.209551900870348
"GS" 2008 "Spring_w_average" 1.42282763476711 3.04494591295281 1.02003935276169 -1.6221182781857 -1.59025068375442
"GS" 2009 "Spring_w_average" 4.03678958660829 3.04494591295281 1.02003935276169 0.991843673655484 0.972358243797292
"GS" 2010 "Spring_w_average" 1.65972250095723 3.04494591295281 1.02003935276169 -1.38522341199558 -1.35800977505934
"GS" 2011 "Spring_w_average" 3.64663097626825 3.04494591295281 1.02003935276169 0.601685063315439 0.589864559329418
"GS" 2012 "Spring_w_average" 3.48573175105278 3.04494591295281 1.02003935276169 0.440785838099967 0.432126306604317
"GS" 2013 "Spring_w_average" 2.95442982067311 3.04494591295281 1.02003935276169 -0.0905160922796995 -0.0887378433338213
"GS" 2014 "Spring_w_average" 3.95605806858602 3.04494591295281 1.02003935276169 0.911112155633213 0.893212750239915
"GS" 2015 "Spring_w_average" 4.13945594651696 3.04494591295281 1.02003935276169 1.09451003356415 1.0730076546565
"GS" 2016 "Spring_w_average" 2.05552011175488 3.04494591295281 1.02003935276169 -0.989425801197927 -0.969987872055249
"GS" 2017 "Spring_w_average" 3.13376372843545 3.04494591295281 1.02003935276169 0.0888178154826407 0.0870729303160433
"GS" 2018 "Spring_w_average" 2.69782102284839 3.04494591295281 1.02003935276169 -0.347124890104416 -0.340305390340675
"GS" 2019 "Spring_w_average" 2.25364736293136 3.04494591295281 1.02003935276169 -0.791298550021452 -0.775752962745076
"GS" 2020 "Spring_w_average" 1.43580151838883 3.04494591295281 1.02003935276169 -1.60914439456398 -1.57753168072126
"GS" 2021 "Spring_w_average" 3.69877758549545 3.04494591295281 1.02003935276169 0.65383167254264 0.640986713671813
"GS" 2022 "Spring_w_average" 2.30111146548247 3.04494591295281 1.02003935276169 -0.743834447470343 -0.729221324115054
"GS" 2023 "Spring_w_average" 2.77349101454672 3.04494591295281 1.02003935276169 -0.271454898406089 -0.266121986049992
"GS" 2024 "Spring_w_average" 3.94250602552726 3.04494591295281 1.02003935276169 0.897560112574454 0.879926946097096
"GS" 1998 "Fall_w_average" 0.80113212681068 0.57298674248025 0.214028558618269 0.22814538433043 1.0659576731409
"GS" 1999 "Fall_w_average" 0.609941502248591 0.57298674248025 0.214028558618269 0.0369547597683411 0.172662751209066
"GS" 2000 "Fall_w_average" 0.388275317674875 0.57298674248025 0.214028558618269 -0.184711424805375 -0.863022327477417
"GS" 2001 "Fall_w_average" 0.385634687156156 0.57298674248025 0.214028558618269 -0.187352055324094 -0.875360075933821
"GS" 2002 "Fall_w_average" 0.362015913574454 0.57298674248025 0.214028558618269 -0.210970828905796 -0.985713449961012
"GS" 2003 "Fall_w_average" 0.696568807358502 0.57298674248025 0.214028558618269 0.123582064878251 0.577409228357542
"GS" 2004 "Fall_w_average" 1.22409583541674 0.57298674248025 0.214028558618269 0.651109092936485 3.04215987408378
"GS" 2005 "Fall_w_average" 0.633143880743072 0.57298674248025 0.214028558618269 0.0601571382628222 0.281070613432087
"GS" 2006 "Fall_w_average" 0.408099310758807 0.57298674248025 0.214028558618269 -0.164887431721443 -0.77039920647005
"GS" 2007 "Fall_w_average" 0.436771249017763 0.57298674248025 0.214028558618269 -0.136215493462487 -0.636436064148964
"GS" 2008 "Fall_w_average" 0.45024418287267 0.57298674248025 0.214028558618269 -0.12274255960758 -0.573486829981873
"GS" 2009 "Fall_w_average" 0.346844474458732 0.57298674248025 0.214028558618269 -0.226142268021518 -1.05659856554402
"GS" 2010 "Fall_w_average" 0.703337541037199 0.57298674248025 0.214028558618269 0.130350798556949 0.609034604533484
"GS" 2011 "Fall_w_average" 0.429995524526963 0.57298674248025 0.214028558618269 -0.142991217953287 -0.668094103312258
"GS" 2012 "Fall_w_average" 0.409567398510536 0.57298674248025 0.214028558618269 -0.163419343969714 -0.763539898715951
"GS" 2013 "Fall_w_average" 0.722564752018437 0.57298674248025 0.214028558618269 0.149578009538187 0.698869396233084
"GS" 2014 "Fall_w_average" 0.419269208960859 0.57298674248025 0.214028558618269 -0.153717533519391 -0.718210385154978
"GS" 2015 "Fall_w_average" 0.760681938852503 0.57298674248025 0.214028558618269 0.187695196372253 0.876963324819737
"GS" 2016 "Fall_w_average" 0.728171287181092 0.57298674248025 0.214028558618269 0.155184544700842 0.725064662878107
"GS" 2017 "Fall_w_average" 0.446968473236608 0.57298674248025 0.214028558618269 -0.126018269243642 -0.588791841879395
"GS" 2018 "Fall_w_average" 0.575715953321698 0.57298674248025 0.214028558618269 0.00272921084144795 0.0127516199663599
"GS" 2019 "Fall_w_average" 0.793189841261463 0.57298674248025 0.214028558618269 0.220203098781213 1.02884914145479
"GS" 2020 "Fall_w_average" 0.526854589340753 0.57298674248025 0.214028558618269 -0.0461321531394967 -0.215542044656647
"GS" 2021 "Fall_w_average" 0.972055915595995 0.57298674248025 0.214028558618269 0.399069173115745 1.8645603918097
"GS" 2022 "Fall_w_average" 2.08830853120186 0.57298674248025 0.214028558618269 1.51532178872161 7.07999810167516
"GS" 2023 "Fall_w_average" 0.445797933621231 0.57298674248025 0.214028558618269 -0.127188808859019 -0.594260923309149
"GS" 2024 "Fall_w_average" 0.735238656380444 0.57298674248025 0.214028558618269 0.162251913900194 0.758085345935441
"LAS" 1998 "spring_timing" 154 156.5 14.5367049042651 -2.5 -0.171978451544855
"LAS" 1999 "spring_timing" 156 156.5 14.5367049042651 -0.5 -0.0343956903089709
"LAS" 2000 "spring_timing" 177 156.5 14.5367049042651 20.5 1.41022330266781
"LAS" 2001 "spring_timing" 173 156.5 14.5367049042651 16.5 1.13505778019604
"LAS" 2002 "spring_timing" 190 156.5 14.5367049042651 33.5 2.30451125070105
"LAS" 2003 "spring_timing" 150 156.5 14.5367049042651 -6.5 -0.447143974016622
"LAS" 2004 "spring_timing" 159 156.5 14.5367049042651 2.5 0.171978451544855
"LAS" 2005 "spring_timing" 151 156.5 14.5367049042651 -5.5 -0.37835259339868
"LAS" 2006 "spring_timing" 144 156.5 14.5367049042651 -12.5 -0.859892257724273
"LAS" 2007 "spring_timing" 171 156.5 14.5367049042651 14.5 0.997475018960156
"LAS" 2008 "spring_timing" 150 156.5 14.5367049042651 -6.5 -0.447143974016622
"LAS" 2009 "spring_timing" 170 156.5 14.5367049042651 13.5 0.928683638342214
"LAS" 2010 "spring_timing" 137 156.5 14.5367049042651 -19.5 -1.34143192204987
"LAS" 2011 "spring_timing" 152 156.5 14.5367049042651 -4.5 -0.309561212780738
"LAS" 2012 "spring_timing" 149 156.5 14.5367049042651 -7.5 -0.515935354634564
"LAS" 2013 "spring_timing" 140 156.5 14.5367049042651 -16.5 -1.13505778019604
"LAS" 2014 "spring_timing" 154 156.5 14.5367049042651 -2.5 -0.171978451544855
"LAS" 2015 "spring_timing" 150 156.5 14.5367049042651 -6.5 -0.447143974016622
"LAS" 2016 "spring_timing" 156 156.5 14.5367049042651 -0.5 -0.0343956903089709
"LAS" 2017 "spring_timing" 151 156.5 14.5367049042651 -5.5 -0.37835259339868
"LAS" 2018 "spring_timing" 186 156.5 14.5367049042651 29.5 2.02934572822928
"LAS" 2019 "spring_timing" 157 156.5 14.5367049042651 0.5 0.0343956903089709
"LAS" 2020 "spring_timing" 140 156.5 14.5367049042651 -16.5 -1.13505778019604
"LAS" 2021 "spring_timing" 136 156.5 14.5367049042651 -20.5 -1.41022330266781
"LAS" 2022 "spring_timing" 137 156.5 14.5367049042651 -19.5 -1.34143192204987
"LAS" 2023 "spring_timing" 147 156.5 14.5367049042651 -9.5 -0.653518115870447
"LAS" 2024 "spring_timing" 129 156.5 14.5367049042651 -27.5 -1.8917629669934
"LAS" 1998 "fall_timing" 262 253.45 6.13424383020605 8.55000000000001 1.39381482651511
"LAS" 1999 "fall_timing" 246 253.45 6.13424383020605 -7.44999999999999 -1.21449362076462
"LAS" 2000 "fall_timing" 262 253.45 6.13424383020605 8.55000000000001 1.39381482651511
"LAS" 2001 "fall_timing" 255 253.45 6.13424383020605 1.55000000000001 0.252679880830225
"LAS" 2002 "fall_timing" 245 253.45 6.13424383020605 -8.44999999999999 -1.3775128987196
"LAS" 2003 "fall_timing" 251 253.45 6.13424383020605 -2.44999999999999 -0.399397230989706
"LAS" 2004 "fall_timing" 251 253.45 6.13424383020605 -2.44999999999999 -0.399397230989706
"LAS" 2005 "fall_timing" 256 253.45 6.13424383020605 2.55000000000001 0.415699158785208
"LAS" 2006 "fall_timing" 255 253.45 6.13424383020605 1.55000000000001 0.252679880830225
"LAS" 2007 "fall_timing" 254 253.45 6.13424383020605 0.550000000000011 0.0896606028752425
"LAS" 2008 "fall_timing" 257 253.45 6.13424383020605 3.55000000000001 0.578718436740191
"LAS" 2009 "fall_timing" 252 253.45 6.13424383020605 -1.44999999999999 -0.236377953034723
"LAS" 2010 "fall_timing" 252 253.45 6.13424383020605 -1.44999999999999 -0.236377953034723
"LAS" 2011 "fall_timing" 256 253.45 6.13424383020605 2.55000000000001 0.415699158785208
"LAS" 2012 "fall_timing" 245 253.45 6.13424383020605 -8.44999999999999 -1.3775128987196
"LAS" 2013 "fall_timing" 254 253.45 6.13424383020605 0.550000000000011 0.0896606028752425
"LAS" 2014 "fall_timing" 236 253.45 6.13424383020605 -17.45 -2.84468640031445
"LAS" 2015 "fall_timing" 257 253.45 6.13424383020605 3.55000000000001 0.578718436740191
"LAS" 2016 "fall_timing" 262 253.45 6.13424383020605 8.55000000000001 1.39381482651511
"LAS" 2017 "fall_timing" 260 253.45 6.13424383020605 6.55000000000001 1.06777627060514
"LAS" 2018 "fall_timing" 254 253.45 6.13424383020605 0.550000000000011 0.0896606028752425
"LAS" 2019 "fall_timing" 263 253.45 6.13424383020605 9.55000000000001 1.55683410447009
"LAS" 2020 "fall_timing" 254 253.45 6.13424383020605 0.550000000000011 0.0896606028752425
"LAS" 2021 "fall_timing" 261 253.45 6.13424383020605 7.55000000000001 1.23079554856012
"LAS" 2022 "fall_timing" 263 253.45 6.13424383020605 9.55000000000001 1.55683410447009
"LAS" 2023 "fall_timing" 266 253.45 6.13424383020605 12.55 2.04589193833504
"LAS" 2024 "fall_timing" 269 253.45 6.13424383020605 15.55 2.53494977219999
"LAS" 1998 "Spring_w_average" 1.22630077520826 1.17972734618546 0.435192930470384 0.0465734290227993 0.107017889680468
"LAS" 1999 "Spring_w_average" 0.895851343839624 1.17972734618546 0.435192930470384 -0.283876002345839 -0.652299204490771
"LAS" 2000 "Spring_w_average" 0.764054560074608 1.17972734618546 0.435192930470384 -0.415672786110854 -0.955145998492136
"LAS" 2001 "Spring_w_average" 1.02006957873875 1.17972734618546 0.435192930470384 -0.159657767446711 -0.366866638376094
"LAS" 2002 "Spring_w_average" 0.944780742471804 1.17972734618546 0.435192930470384 -0.234946603713658 -0.539867693759899
"LAS" 2003 "Spring_w_average" 1.31987929237491 1.17972734618546 0.435192930470384 0.140151946189451 0.322045548943008
"LAS" 2004 "Spring_w_average" 0.970267155183563 1.17972734618546 0.435192930470384 -0.209460191001899 -0.481304213226766
"LAS" 2005 "Spring_w_average" 1.08184613989143 1.17972734618546 0.435192930470384 -0.0978812062940273 -0.224914513634748
"LAS" 2006 "Spring_w_average" 1.13033993570482 1.17972734618546 0.435192930470384 -0.0493874104806398 -0.113483944758153
"LAS" 2007 "Spring_w_average" 0.634155993822837 1.17972734618546 0.435192930470384 -0.545571352362625 -1.25363100860333
"LAS" 2008 "Spring_w_average" 1.14178083232228 1.17972734618546 0.435192930470384 -0.0379465138631829 -0.0871946927588367
"LAS" 2009 "Spring_w_average" 1.26947747776704 1.17972734618546 0.435192930470384 0.0897501315815761 0.206230674484001
"LAS" 2010 "Spring_w_average" 2.26843959004327 1.17972734618546 0.435192930470384 1.08871224385781 2.50167722780115
"LAS" 2011 "Spring_w_average" 1.61435019551119 1.17972734618546 0.435192930470384 0.434622849325728 0.998690049619971
"LAS" 2012 "Spring_w_average" 0.97800180829102 1.17972734618546 0.435192930470384 -0.201725537894442 -0.463531284105201
"LAS" 2013 "Spring_w_average" 0.822090866980745 1.17972734618546 0.435192930470384 -0.357636479204718 -0.821788347568426
"LAS" 2014 "Spring_w_average" 0.815725606560007 1.17972734618546 0.435192930470384 -0.364001739625455 -0.836414643114766
"LAS" 2015 "Spring_w_average" 1.62410451114814 1.17972734618546 0.435192930470384 0.444377164962678 1.02110382280881
"LAS" 2016 "Spring_w_average" 1.6732197842288 1.17972734618546 0.435192930470384 0.493492438043341 1.13396244169211
"LAS" 2017 "Spring_w_average" 0.732570358797141 1.17972734618546 0.435192930470384 -0.447156987388321 -1.0274913861882
"LAS" 2018 "Spring_w_average" 0.959362593487217 1.17972734618546 0.435192930470384 -0.220364752698245 -0.506361057979644
"LAS" 2019 "Spring_w_average" 0.687629342508059 1.17972734618546 0.435192930470384 -0.492098003677403 -1.13075826655896
"LAS" 2020 "Spring_w_average" 1.90645511787621 1.17972734618546 0.435192930470384 0.726727771690745 1.66989792528397
"LAS" 2021 "Spring_w_average" 1.42698420488145 1.17972734618546 0.435192930470384 0.247256858695992 0.568154584746452
"LAS" 2022 "Spring_w_average" 1.73753672915952 1.17972734618546 0.435192930470384 0.557809382974055 1.28175194015937
"LAS" 2023 "Spring_w_average" 1.75382045677164 1.17972734618546 0.435192930470384 0.574093110586181 1.31916920149798
"LAS" 2024 "Spring_w_average" 0.734942466208189 1.17972734618546 0.435192930470384 -0.444784879977274 -1.02204068318969
"LAS" 1998 "Fall_w_average" 1.10673863609655 0.808050698274673 0.261430522636638 0.298687937821873 1.14251363922421
"LAS" 1999 "Fall_w_average" 0.553713007636777 0.808050698274673 0.261430522636638 -0.254337690637896 -0.972869151133508
"LAS" 2000 "Fall_w_average" 0.54032969247311 0.808050698274673 0.261430522636638 -0.267721005801563 -1.02406177787307
"LAS" 2001 "Fall_w_average" 0.684059745906091 0.808050698274673 0.261430522636638 -0.123990952368582 -0.474278791619586
"LAS" 2002 "Fall_w_average" 0.548519419129097 0.808050698274673 0.261430522636638 -0.259531279145576 -0.992735188409114
"LAS" 2003 "Fall_w_average" 0.985086443390834 0.808050698274673 0.261430522636638 0.177035745116161 0.677180856048024
"LAS" 2004 "Fall_w_average" 0.933974381292278 0.808050698274673 0.261430522636638 0.125923683017605 0.48167169520839
"LAS" 2005 "Fall_w_average" 0.976484423643472 0.808050698274673 0.261430522636638 0.168433725368799 0.644277200956006
"LAS" 2006 "Fall_w_average" 0.704678491479186 0.808050698274673 0.261430522636638 -0.103372206795487 -0.395409861683074
"LAS" 2007 "Fall_w_average" 0.567730494925227 0.808050698274673 0.261430522636638 -0.240320203349445 -0.91925074748623
"LAS" 2008 "Fall_w_average" 0.482074138830987 0.808050698274673 0.261430522636638 -0.325976559443685 -1.24689556581256
"LAS" 2009 "Fall_w_average" 0.880354677428139 0.808050698274673 0.261430522636638 0.0723039791534658 0.276570533632604
"LAS" 2010 "Fall_w_average" 0.651637882937137 0.808050698274673 0.261430522636638 -0.156412815337536 -0.598295921073202
"LAS" 2011 "Fall_w_average" 0.705979618259971 0.808050698274673 0.261430522636638 -0.102071080014701 -0.390432911143163
"LAS" 2012 "Fall_w_average" 0.536480951985324 0.808050698274673 0.261430522636638 -0.271569746289349 -1.03878362614454
"LAS" 2013 "Fall_w_average" 0.623951342478767 0.808050698274673 0.261430522636638 -0.184099355795906 -0.704199930211611
"LAS" 2014 "Fall_w_average" 0.556321495286106 0.808050698274673 0.261430522636638 -0.251729202988567 -0.96289140399434
"LAS" 2015 "Fall_w_average" 0.76860741240934 0.808050698274673 0.261430522636638 -0.0394432858653324 -0.150874830786895
"LAS" 2016 "Fall_w_average" 1.40386338921325 0.808050698274673 0.261430522636638 0.595812690938578 2.27904792802903
"LAS" 2017 "Fall_w_average" 0.933823942643709 0.808050698274673 0.261430522636638 0.125773244369036 0.481096251120791
"LAS" 2018 "Fall_w_average" 0.788652028200895 0.808050698274673 0.261430522636638 -0.0193986700737776 -0.0742020093068466
"LAS" 2019 "Fall_w_average" 1.05386369408904 0.808050698274673 0.261430522636638 0.245812995814371 0.940261272231114
"LAS" 2020 "Fall_w_average" 1.3748699919646 0.808050698274673 0.261430522636638 0.566819293689931 2.16814505044521
"LAS" 2021 "Fall_w_average" 1.4218264238899 0.808050698274673 0.261430522636638 0.613775725615227 2.34775847680308
"LAS" 2022 "Fall_w_average" 0.752499348397499 0.808050698274673 0.261430522636638 -0.0555513498771742 -0.212489916314726
"LAS" 2023 "Fall_w_average" 0.8269415085917 0.808050698274673 0.261430522636638 0.0188908103170271 0.0722593908565275
"LAS" 2024 "Fall_w_average" 0.742634902215129 0.808050698274673 0.261430522636638 -0.0654157960595442 -0.250222488941987
