"polygon" "year" "index" "mean_annual" "mean_climatology" "sd_climatology" "anomaly" "standardized_anomaly"
"CLS" 1998 "spring_timing" 160 168.409090909091 15.6286034805816 -8.40909090909091 -0.538057729824622
"CLS" 1999 "spring_timing" 154 168.409090909091 15.6286034805816 -14.4090909090909 -0.921969191104892
"CLS" 2000 "spring_timing" 179 168.409090909091 15.6286034805816 10.5909090909091 0.677661897562902
"CLS" 2001 "spring_timing" 185 168.409090909091 15.6286034805816 16.5909090909091 1.06157335884317
"CLS" 2002 "spring_timing" 178 168.409090909091 15.6286034805816 9.59090909090909 0.61367665401619
"CLS" 2003 "spring_timing" 186 168.409090909091 15.6286034805816 17.5909090909091 1.12555860238988
"CLS" 2004 "spring_timing" 189 168.409090909091 15.6286034805816 20.5909090909091 1.31751433303002
"CLS" 2005 "spring_timing" 167 168.409090909091 15.6286034805816 -1.40909090909091 -0.0901610249976392
"CLS" 2006 "spring_timing" 148 168.409090909091 15.6286034805816 -20.4090909090909 -1.30588065238516
"CLS" 2007 "spring_timing" 165 168.409090909091 15.6286034805816 -3.40909090909091 -0.218131512091063
"CLS" 2008 "spring_timing" 154 168.409090909091 15.6286034805816 -14.4090909090909 -0.921969191104892
"CLS" 2009 "spring_timing" 181 168.409090909091 15.6286034805816 12.5909090909091 0.805632384656326
"CLS" 2010 "spring_timing" 160 168.409090909091 15.6286034805816 -8.40909090909091 -0.538057729824622
"CLS" 2011 "spring_timing" 178 168.409090909091 15.6286034805816 9.59090909090909 0.61367665401619
"CLS" 2012 "spring_timing" 151 168.409090909091 15.6286034805816 -17.4090909090909 -1.11392492174503
"CLS" 2013 "spring_timing" 157 168.409090909091 15.6286034805816 -11.4090909090909 -0.730013460464757
"CLS" 2014 "spring_timing" 146 168.409090909091 15.6286034805816 -22.4090909090909 -1.43385113947859
"CLS" 2015 "spring_timing" 136 168.409090909091 15.6286034805816 -32.4090909090909 -2.0737035749457
"CLS" 2016 "spring_timing" 175 168.409090909091 15.6286034805816 6.59090909090909 0.421720923376055
"CLS" 2017 "spring_timing" 189 168.409090909091 15.6286034805816 20.5909090909091 1.31751433303002
"CLS" 2018 "spring_timing" 173 168.409090909091 15.6286034805816 4.59090909090909 0.293750436282632
"CLS" 2019 "spring_timing" 185 168.409090909091 15.6286034805816 16.5909090909091 1.06157335884317
"CLS" 2020 "spring_timing" 169 168.409090909091 15.6286034805816 0.590909090909093 0.0378094620957844
"CLS" 2021 "spring_timing" 184 168.409090909091 15.6286034805816 15.5909090909091 0.997588115296461
"CLS" 2022 "spring_timing" 126 168.409090909091 15.6286034805816 -42.4090909090909 -2.71355601041282
"CLS" 2023 "spring_timing" 161 168.409090909091 15.6286034805816 -7.40909090909091 -0.47407248627791
"CLS" 2024 "spring_timing" 135 168.409090909091 15.6286034805816 -33.4090909090909 -2.13768881849242
"CLS" 1998 "fall_timing" NA 261.611111111111 12.8481579768733 NA NA
"CLS" 1999 "fall_timing" 279 261.611111111111 12.8481579768733 17.3888888888889 1.35341493466915
"CLS" 2000 "fall_timing" 260 261.611111111111 12.8481579768733 -1.61111111111109 -0.125396271902252
"CLS" 2001 "fall_timing" 264 261.611111111111 12.8481579768733 2.38888888888891 0.185932403165412
"CLS" 2002 "fall_timing" 246 261.611111111111 12.8481579768733 -15.6111111111111 -1.21504663463908
"CLS" 2003 "fall_timing" 269 261.611111111111 12.8481579768733 7.38888888888891 0.575093246999992
"CLS" 2004 "fall_timing" 264 261.611111111111 12.8481579768733 2.38888888888891 0.185932403165412
"CLS" 2005 "fall_timing" NA 261.611111111111 12.8481579768733 NA NA
"CLS" 2006 "fall_timing" 266 261.611111111111 12.8481579768733 4.38888888888891 0.341596740699244
"CLS" 2007 "fall_timing" NA 261.611111111111 12.8481579768733 NA NA
"CLS" 2008 "fall_timing" 257 261.611111111111 12.8481579768733 -4.61111111111109 -0.358892778203
"CLS" 2009 "fall_timing" 275 261.611111111111 12.8481579768733 13.3888888888889 1.04208625960149
"CLS" 2010 "fall_timing" 256 261.611111111111 12.8481579768733 -5.61111111111109 -0.436724946969916
"CLS" 2011 "fall_timing" 269 261.611111111111 12.8481579768733 7.38888888888891 0.575093246999992
"CLS" 2012 "fall_timing" 249 261.611111111111 12.8481579768733 -12.6111111111111 -0.981550128338327
"CLS" 2013 "fall_timing" 273 261.611111111111 12.8481579768733 11.3888888888889 0.886421922067656
"CLS" 2014 "fall_timing" 252 261.611111111111 12.8481579768733 -9.61111111111109 -0.74805362203758
"CLS" 2015 "fall_timing" 266 261.611111111111 12.8481579768733 4.38888888888891 0.341596740699244
"CLS" 2016 "fall_timing" 235 261.611111111111 12.8481579768733 -26.6111111111111 -2.07120049107515
"CLS" 2017 "fall_timing" NA 261.611111111111 12.8481579768733 NA NA
"CLS" 2018 "fall_timing" NA 261.611111111111 12.8481579768733 NA NA
"CLS" 2019 "fall_timing" 284 261.611111111111 12.8481579768733 22.3888888888889 1.74257577850373
"CLS" 2020 "fall_timing" 245 261.611111111111 12.8481579768733 -16.6111111111111 -1.29287880340599
"CLS" 2021 "fall_timing" 274 261.611111111111 12.8481579768733 12.3888888888889 0.964254090834572
"CLS" 2022 "fall_timing" 241 261.611111111111 12.8481579768733 -20.6111111111111 -1.60420747847366
"CLS" 2023 "fall_timing" 239 261.611111111111 12.8481579768733 -22.6111111111111 -1.75987181600749
"CLS" 2024 "fall_timing" 245 261.611111111111 12.8481579768733 -16.6111111111111 -1.29287880340599
"CLS" 1998 "Annual_w_average" 0.7423633503782 1.11270690843635 0.468842691470751 -0.370343558058149 -0.78991005895045
"CLS" 1999 "Annual_w_average" 0.595245150097078 1.11270690843635 0.468842691470751 -0.517461758339271 -1.10370017012743
"CLS" 2000 "Annual_w_average" 0.677049906662165 1.11270690843635 0.468842691470751 -0.435657001774184 -0.929217858569012
"CLS" 2001 "Annual_w_average" 0.939079038365689 1.11270690843635 0.468842691470751 -0.17362787007066 -0.370332892523059
"CLS" 2002 "Annual_w_average" 0.776522286688775 1.11270690843635 0.468842691470751 -0.336184621747574 -0.717052068558365
"CLS" 2003 "Annual_w_average" 1.04251495169048 1.11270690843635 0.468842691470751 -0.0701919567458686 -0.149713236492346
"CLS" 2004 "Annual_w_average" 0.841076352147007 1.11270690843635 0.468842691470751 -0.271630556289342 -0.579363955610018
"CLS" 2005 "Annual_w_average" 1.08445828917559 1.11270690843635 0.468842691470751 -0.0282486192607585 -0.0602518067886333
"CLS" 2006 "Annual_w_average" 1.30932239527864 1.11270690843635 0.468842691470751 0.196615486842291 0.419363446245716
"CLS" 2007 "Annual_w_average" 1.13830062702344 1.11270690843635 0.468842691470751 0.0255937185870914 0.054589138431068
"CLS" 2008 "Annual_w_average" 0.836222034171783 1.11270690843635 0.468842691470751 -0.276484874264566 -0.589717786571947
"CLS" 2009 "Annual_w_average" 0.54283959103052 1.11270690843635 0.468842691470751 -0.569867317405829 -1.2154765932645
"CLS" 2010 "Annual_w_average" 1.09526898164836 1.11270690843635 0.468842691470751 -0.0174379267879885 -0.0371935557602189
"CLS" 2011 "Annual_w_average" 0.956104694102983 1.11270690843635 0.468842691470751 -0.156602214333366 -0.334018674455833
"CLS" 2012 "Annual_w_average" 1.45467365823087 1.11270690843635 0.468842691470751 0.341966749794521 0.729384836354765
"CLS" 2013 "Annual_w_average" 0.583509973239591 1.11270690843635 0.468842691470751 -0.529196935196758 -1.12873026459403
"CLS" 2014 "Annual_w_average" 1.23957497092653 1.11270690843635 0.468842691470751 0.126868062490181 0.27059835803817
"CLS" 2015 "Annual_w_average" 1.92657399249039 1.11270690843635 0.468842691470751 0.813867084054041 1.73590651802837
"CLS" 2016 "Annual_w_average" 2.17537376813794 1.11270690843635 0.468842691470751 1.06266685970159 2.26657443751128
"CLS" 2017 "Annual_w_average" 2.20199843094703 1.11270690843635 0.468842691470751 1.08929152251068 2.32336248879895
"CLS" 2018 "Annual_w_average" 1.20903148380716 1.11270690843635 0.468842691470751 0.0963245753708115 0.205451801047902
"CLS" 2019 "Annual_w_average" 0.952669715753675 1.11270690843635 0.468842691470751 -0.160037192682674 -0.341345179511362
"CLS" 2020 "Annual_w_average" 0.902141693983974 1.11270690843635 0.468842691470751 -0.210565214452375 -0.449116981629457
"CLS" 2021 "Annual_w_average" 1.31180291565361 1.11270690843635 0.468842691470751 0.199096007217261 0.424654176847037
"CLS" 2022 "Annual_w_average" 1.44347796650206 1.11270690843635 0.468842691470751 0.330771058065711 0.705505415959644
"CLS" 2023 "Annual_w_average" 1.06537340853939 1.11270690843635 0.468842691470751 -0.0473334998969586 -0.100958169462926
"CLS" 2024 "Annual_w_average" 1.18341304147946 1.11270690843635 0.468842691470751 0.0707061330431114 0.150809929064496
"CLS" 1998 "Winter_w_average" 0.171273692908938 0.152148804448767 0.130743728519875 0.0191248884601713 0.146277673710858
"CLS" 1999 "Winter_w_average" 0.162081929689212 0.152148804448767 0.130743728519875 0.00993312524044526 0.0759740092537995
"CLS" 2000 "Winter_w_average" 0.148392491037577 0.152148804448767 0.130743728519875 -0.00375631341118973 -0.0287303525279127
"CLS" 2001 "Winter_w_average" 0.144881953295943 0.152148804448767 0.130743728519875 -0.00726685115282374 -0.0555808774546234
"CLS" 2002 "Winter_w_average" 0.237165308090893 0.152148804448767 0.130743728519875 0.0850165036421263 0.650253014845009
"CLS" 2003 "Winter_w_average" 0.105271342194456 0.152148804448767 0.130743728519875 -0.0468774622543107 -0.35854463372738
"CLS" 2004 "Winter_w_average" 0.0870957098550958 0.152148804448767 0.130743728519875 -0.065053094593671 -0.49756187413442
"CLS" 2005 "Winter_w_average" 0.0979517391255935 0.152148804448767 0.130743728519875 -0.0541970653231732 -0.414528986871706
"CLS" 2006 "Winter_w_average" 0.153765243371303 0.152148804448767 0.130743728519875 0.00161643892253627 0.0123634146037876
"CLS" 2007 "Winter_w_average" 0.176499283939166 0.152148804448767 0.130743728519875 0.0243504794903993 0.186245870192524
"CLS" 2008 "Winter_w_average" 0.0933194736030786 0.152148804448767 0.130743728519875 -0.0588293308456881 -0.449959103290718
"CLS" 2009 "Winter_w_average" 0.102692791449959 0.152148804448767 0.130743728519875 -0.0494560129988077 -0.378266809113445
"CLS" 2010 "Winter_w_average" 0.151075331592673 0.152148804448767 0.130743728519875 -0.00107347285609374 -0.00821051126693665
"CLS" 2011 "Winter_w_average" 0.171777673624986 0.152148804448767 0.130743728519875 0.0196288691762193 0.15013239562948
"CLS" 2012 "Winter_w_average" 0.0980669651767622 0.152148804448767 0.130743728519875 -0.0540818392720046 -0.413647674609365
"CLS" 2013 "Winter_w_average" 0.110328601741376 0.152148804448767 0.130743728519875 -0.0418202027073907 -0.319863929083477
"CLS" 2014 "Winter_w_average" 0.0857586352131807 0.152148804448767 0.130743728519875 -0.066390169235586 -0.507788556951652
"CLS" 2015 "Winter_w_average" 0.101101220406386 0.152148804448767 0.130743728519875 -0.0510475840423807 -0.390440020491083
"CLS" 2016 "Winter_w_average" 0.095359142947585 0.152148804448767 0.130743728519875 -0.0567896615011817 -0.434358589464188
"CLS" 2017 "Winter_w_average" 0.11486325336097 0.152148804448767 0.130743728519875 -0.0372855510877967 -0.285180417522885
"CLS" 2018 "Winter_w_average" 0.711898264953395 0.152148804448767 0.130743728519875 0.559749460504628 4.28127197259436
"CLS" 2019 "Winter_w_average" 0.103661056426129 0.152148804448767 0.130743728519875 -0.0484877480226377 -0.370860985620941
"CLS" 2020 "Winter_w_average" 0.0942662867771488 0.152148804448767 0.130743728519875 -0.057882517671618 -0.442717354988226
"CLS" 2021 "Winter_w_average" 0.150052029193361 0.152148804448767 0.130743728519875 -0.00209677525540575 -0.0160372912654621
"CLS" 2022 "Winter_w_average" 0.310257062227676 0.152148804448767 0.130743728519875 0.158108257778909 1.20929898182362
"CLS" 2023 "Winter_w_average" 0.155115993904406 0.152148804448767 0.130743728519875 0.00296718945563926 0.0226946981643421
"CLS" 2024 "Winter_w_average" 0.556250988502907 0.152148804448767 0.130743728519875 0.40410218405414 3.09079593054981
"CLS" 1998 "Spring_w_average" 1.01208729418351 1.53260596425864 0.635236948947385 -0.520518670075126 -0.819408680395005
"CLS" 1999 "Spring_w_average" 0.704357971465192 1.53260596425864 0.635236948947385 -0.828247992793444 -1.30384102210346
"CLS" 2000 "Spring_w_average" 0.840741584977569 1.53260596425864 0.635236948947385 -0.691864379281067 -1.08914379182054
"CLS" 2001 "Spring_w_average" 1.31723524953996 1.53260596425864 0.635236948947385 -0.215370714718676 -0.339039967803439
"CLS" 2002 "Spring_w_average" 1.17559242244263 1.53260596425864 0.635236948947385 -0.357013541816006 -0.562016334861492
"CLS" 2003 "Spring_w_average" 1.39693144853877 1.53260596425864 0.635236948947385 -0.135674515719866 -0.21358095738084
"CLS" 2004 "Spring_w_average" 1.19548116753849 1.53260596425864 0.635236948947385 -0.337124796720146 -0.530707159397413
"CLS" 2005 "Spring_w_average" 1.48837567014831 1.53260596425864 0.635236948947385 -0.0442302941103261 -0.0696280249182885
"CLS" 2006 "Spring_w_average" 1.65139386287612 1.53260596425864 0.635236948947385 0.118787898617484 0.186997779040279
"CLS" 2007 "Spring_w_average" 1.62614038936796 1.53260596425864 0.635236948947385 0.093534425109324 0.147243363699663
"CLS" 2008 "Spring_w_average" 1.31999731758035 1.53260596425864 0.635236948947385 -0.212608646678286 -0.334691876835231
"CLS" 2009 "Spring_w_average" 0.796308509353236 1.53260596425864 0.635236948947385 -0.7362974549054 -1.15909103858879
"CLS" 2010 "Spring_w_average" 1.37938705851691 1.53260596425864 0.635236948947385 -0.153218905741726 -0.241199612200796
"CLS" 2011 "Spring_w_average" 1.32514484480214 1.53260596425864 0.635236948947385 -0.207461119456496 -0.32658855849029
"CLS" 2012 "Spring_w_average" 1.84314944484408 1.53260596425864 0.635236948947385 0.310543480585444 0.488862433301507
"CLS" 2013 "Spring_w_average" 0.794014321023027 1.53260596425864 0.635236948947385 -0.738591643235609 -1.1627025859555
"CLS" 2014 "Spring_w_average" 1.87175258207309 1.53260596425864 0.635236948947385 0.339146617814454 0.533889941975879
"CLS" 2015 "Spring_w_average" 2.2827532629896 1.53260596425864 0.635236948947385 0.750147298730964 1.18089368065568
"CLS" 2016 "Spring_w_average" 3.05949891312505 1.53260596425864 0.635236948947385 1.52689294886641 2.403658904597
"CLS" 2017 "Spring_w_average" 3.13761564185642 1.53260596425864 0.635236948947385 1.60500967759778 2.52663148807284
"CLS" 2018 "Spring_w_average" 1.60740462474873 1.53260596425864 0.635236948947385 0.0747986604900939 0.117749228243159
"CLS" 2019 "Spring_w_average" 1.65085841481207 1.53260596425864 0.635236948947385 0.118252450553434 0.186154868272986
"CLS" 2020 "Spring_w_average" 1.25319651107029 1.53260596425864 0.635236948947385 -0.279409453188346 -0.439850757502912
"CLS" 2021 "Spring_w_average" 1.72161406006323 1.53260596425864 0.635236948947385 0.189008095804594 0.297539518313266
"CLS" 2022 "Spring_w_average" 1.95999045454815 1.53260596425864 0.635236948947385 0.427384490289514 0.672795389181483
"CLS" 2023 "Spring_w_average" 1.43189385404278 1.53260596425864 0.635236948947385 -0.100712110215856 -0.158542588529745
"CLS" 2024 "Spring_w_average" 1.49420212190431 1.53260596425864 0.635236948947385 -0.038403842354326 -0.0604559328892358
"CLS" 1998 "Summer_w_average" 0.637539289308446 0.68923550815422 0.401995925907775 -0.0516962188457737 -0.128598862610448
"CLS" 1999 "Summer_w_average" 0.430336817270015 0.68923550815422 0.401995925907775 -0.258898690884205 -0.64403312123019
"CLS" 2000 "Summer_w_average" 0.449564930669947 0.68923550815422 0.401995925907775 -0.239670577484273 -0.596201508617421
"CLS" 2001 "Summer_w_average" 0.656581822747912 0.68923550815422 0.401995925907775 -0.0326536854063076 -0.0812288963689621
"CLS" 2002 "Summer_w_average" 0.358521116908657 0.68923550815422 0.401995925907775 -0.330714391245563 -0.822680952546355
"CLS" 2003 "Summer_w_average" 0.417484349983817 0.68923550815422 0.401995925907775 -0.271751158170403 -0.676004756905788
"CLS" 2004 "Summer_w_average" 0.416931570339016 0.68923550815422 0.401995925907775 -0.272303937815204 -0.677379844584979
"CLS" 2005 "Summer_w_average" 0.964323517243125 0.68923550815422 0.401995925907775 0.275088009088905 0.684305465205175
"CLS" 2006 "Summer_w_average" 0.548220384530697 0.68923550815422 0.401995925907775 -0.141015123623523 -0.350787444686377
"CLS" 2007 "Summer_w_average" 0.847627012321443 0.68923550815422 0.401995925907775 0.158391504167223 0.394012709978461
"CLS" 2008 "Summer_w_average" 0.242487667127441 0.68923550815422 0.401995925907775 -0.446747841026779 -1.11132430016037
"CLS" 2009 "Summer_w_average" 0.270851361246057 0.68923550815422 0.401995925907775 -0.418384146908163 -1.04076713206329
"CLS" 2010 "Summer_w_average" 1.06022346922266 0.68923550815422 0.401995925907775 0.37098796106844 0.922864977376789
"CLS" 2011 "Summer_w_average" 0.593516996141287 0.68923550815422 0.401995925907775 -0.0957185120129327 -0.2381081643969
"CLS" 2012 "Summer_w_average" 1.19287590763732 0.68923550815422 0.401995925907775 0.5036403994831 1.25284951171034
"CLS" 2013 "Summer_w_average" 0.444503793603796 0.68923550815422 0.401995925907775 -0.244731714550424 -0.608791529411095
"CLS" 2014 "Summer_w_average" 0.3696176140303 0.68923550815422 0.401995925907775 -0.31961789412392 -0.795077446126271
"CLS" 2015 "Summer_w_average" 0.495709394667389 0.68923550815422 0.401995925907775 -0.193526113486831 -0.481413121413645
"CLS" 2016 "Summer_w_average" 1.89569038800994 0.68923550815422 0.401995925907775 1.20645487985572 3.0011619573789
"CLS" 2017 "Summer_w_average" 1.34318190816549 0.68923550815422 0.401995925907775 0.65394640001127 1.62674882471644
"CLS" 2018 "Summer_w_average" 0.837004344949913 0.68923550815422 0.401995925907775 0.147768836795693 0.367587896474339
"CLS" 2019 "Summer_w_average" 0.596172386852705 0.68923550815422 0.401995925907775 -0.0930631213015146 -0.231502647922021
"CLS" 2020 "Summer_w_average" 0.731754425723905 0.68923550815422 0.401995925907775 0.0425189175696854 0.105769523593232
"CLS" 2021 "Summer_w_average" 1.15752867795951 0.68923550815422 0.401995925907775 0.46829316980529 1.16492018855118
"CLS" 2022 "Summer_w_average" 1.13155151729936 0.68923550815422 0.401995925907775 0.44231600914514 1.10029973101423
"CLS" 2023 "Summer_w_average" 0.582098079303826 0.68923550815422 0.401995925907775 -0.107137428850394 -0.266513718039453
"CLS" 2024 "Summer_w_average" 0.796091416324262 0.68923550815422 0.401995925907775 0.106855908170042 0.265813410742269
"CLS" 1998 "Fall_w_average" 0.437920246849913 0.607710212631608 0.228315360131062 -0.169789965781695 -0.743664226901899
"CLS" 1999 "Fall_w_average" 0.470516319211212 0.607710212631608 0.228315360131062 -0.137193893420396 -0.600896467682425
"CLS" 2000 "Fall_w_average" 0.417263041192971 0.607710212631608 0.228315360131062 -0.190447171438637 -0.834140862574085
"CLS" 2001 "Fall_w_average" 0.633699377942006 0.607710212631608 0.228315360131062 0.0259891653103984 0.11383012205346
"CLS" 2002 "Fall_w_average" 0.284226909840803 0.607710212631608 0.228315360131062 -0.323483302790805 -1.41682671987164
"CLS" 2003 "Fall_w_average" 0.369311353084758 0.607710212631608 0.228315360131062 -0.23839885954685 -1.04416478773044
"CLS" 2004 "Fall_w_average" 0.453885804862258 0.607710212631608 0.228315360131062 -0.15382440776935 -0.673736570684726
"CLS" 2005 "Fall_w_average" 0.81837966176313 0.607710212631608 0.228315360131062 0.210669449131522 0.92271255429591
"CLS" 2006 "Fall_w_average" 0.761133610479668 0.607710212631608 0.228315360131062 0.15342339784806 0.671980184600763
"CLS" 2007 "Fall_w_average" 0.57467168893082 0.607710212631608 0.228315360131062 -0.0330385237007876 -0.144705654853104
"CLS" 2008 "Fall_w_average" 0.409628381760415 0.607710212631608 0.228315360131062 -0.198081830871193 -0.86757995939251
"CLS" 2009 "Fall_w_average" 0.321311377756912 0.607710212631608 0.228315360131062 -0.286398834874696 -1.25440020640877
"CLS" 2010 "Fall_w_average" 1.02112363333101 0.607710212631608 0.228315360131062 0.413413420699402 1.81071225546143
"CLS" 2011 "Fall_w_average" 0.481254592255432 0.607710212631608 0.228315360131062 -0.126455620376176 -0.553863832479713
"CLS" 2012 "Fall_w_average" 0.819468178882818 0.607710212631608 0.228315360131062 0.21175796625121 0.927480157838059
"CLS" 2013 "Fall_w_average" 0.510384743366622 0.607710212631608 0.228315360131062 -0.0973254692649856 -0.42627648533641
"CLS" 2014 "Fall_w_average" 0.525380043161025 0.607710212631608 0.228315360131062 -0.0823301694705826 -0.36059846969263
"CLS" 2015 "Fall_w_average" 1.04812469695969 0.607710212631608 0.228315360131062 0.440414484328082 1.92897439784721
"CLS" 2016 "Fall_w_average" 1.05281443690245 0.607710212631608 0.228315360131062 0.445104224270842 1.94951502174596
"CLS" 2017 "Fall_w_average" 0.699059665619164 0.607710212631608 0.228315360131062 0.0913494529875564 0.400102090963649
"CLS" 2018 "Fall_w_average" 0.486002881059816 0.607710212631608 0.228315360131062 -0.121707331571792 -0.533066770023388
"CLS" 2019 "Fall_w_average" 0.594402805503985 0.607710212631608 0.228315360131062 -0.0133074071276226 -0.0582852030629197
"CLS" 2020 "Fall_w_average" 0.617581474028403 0.607710212631608 0.228315360131062 0.00987126139679539 0.0432352049863352
"CLS" 2021 "Fall_w_average" 0.98856017815758 0.607710212631608 0.228315360131062 0.380849965525972 1.66808735648513
"CLS" 2022 "Fall_w_average" 1.06286048230179 0.607710212631608 0.228315360131062 0.455150269670182 1.99351576437481
"CLS" 2023 "Fall_w_average" 0.749942192149868 0.607710212631608 0.228315360131062 0.14223197951826 0.622962815277141
"CLS" 2024 "Fall_w_average" 0.990262107607959 0.607710212631608 0.228315360131062 0.382551894976351 1.67554164887002
"GS" 1998 "spring_timing" 147 138 11.2249721603218 9 0.801783725737273
"GS" 1999 "spring_timing" 154 138 11.2249721603218 16 1.4253932901996
"GS" 2000 "spring_timing" 138 138 11.2249721603218 0 0
"GS" 2001 "spring_timing" 141 138 11.2249721603218 3 0.267261241912424
"GS" 2002 "spring_timing" 133 138 11.2249721603218 -5 -0.445435403187374
"GS" 2003 "spring_timing" 130 138 11.2249721603218 -8 -0.712696645099798
"GS" 2004 "spring_timing" 125 138 11.2249721603218 -13 -1.15813204828717
"GS" 2005 "spring_timing" 113 138 11.2249721603218 -25 -2.22717701593687
"GS" 2006 "spring_timing" 138 138 11.2249721603218 0 0
"GS" 2007 "spring_timing" 141 138 11.2249721603218 3 0.267261241912424
"GS" 2008 "spring_timing" 163 138 11.2249721603218 25 2.22717701593687
"GS" 2009 "spring_timing" 144 138 11.2249721603218 6 0.534522483824849
"GS" 2010 "spring_timing" 129 138 11.2249721603218 -9 -0.801783725737273
"GS" 2011 "spring_timing" 138 138 11.2249721603218 0 0
"GS" 2012 "spring_timing" 141 138 11.2249721603218 3 0.267261241912424
"GS" 2013 "spring_timing" 137 138 11.2249721603218 -1 -0.0890870806374748
"GS" 2014 "spring_timing" 151 138 11.2249721603218 13 1.15813204828717
"GS" 2015 "spring_timing" 137 138 11.2249721603218 -1 -0.0890870806374748
"GS" 2016 "spring_timing" 143 138 11.2249721603218 5 0.445435403187374
"GS" 2017 "spring_timing" 134 138 11.2249721603218 -4 -0.356348322549899
"GS" 2018 "spring_timing" 145 138 11.2249721603218 7 0.623609564462324
"GS" 2019 "spring_timing" 117 138 11.2249721603218 -21 -1.87082869338697
"GS" 2020 "spring_timing" 144 138 11.2249721603218 6 0.534522483824849
"GS" 2021 "spring_timing" 129 138 11.2249721603218 -9 -0.801783725737273
"GS" 2022 "spring_timing" 145 138 11.2249721603218 7 0.623609564462324
"GS" 2023 "spring_timing" 151 138 11.2249721603218 13 1.15813204828717
"GS" 2024 "spring_timing" 150 138 11.2249721603218 12 1.0690449676497
"GS" 1998 "fall_timing" 227 248.380952380952 26.1485682026305 -21.3809523809524 -0.817672012297847
"GS" 1999 "fall_timing" 237 248.380952380952 26.1485682026305 -11.3809523809524 -0.435241895187495
"GS" 2000 "fall_timing" 275 248.380952380952 26.1485682026305 26.6190476190476 1.01799254983184
"GS" 2001 "fall_timing" 279 248.380952380952 26.1485682026305 30.6190476190476 1.17096459667598
"GS" 2002 "fall_timing" NA 248.380952380952 26.1485682026305 NA NA
"GS" 2003 "fall_timing" 262 248.380952380952 26.1485682026305 13.6190476190476 0.520833397588384
"GS" 2004 "fall_timing" 253 248.380952380952 26.1485682026305 4.61904761904762 0.176646292189067
"GS" 2005 "fall_timing" 265 248.380952380952 26.1485682026305 16.6190476190476 0.635562432721489
"GS" 2006 "fall_timing" 248 248.380952380952 26.1485682026305 -0.38095238095238 -0.0145687663661086
"GS" 2007 "fall_timing" 216 248.380952380952 26.1485682026305 -32.3809523809524 -1.23834514111923
"GS" 2008 "fall_timing" 210 248.380952380952 26.1485682026305 -38.3809523809524 -1.46780321138544
"GS" 2009 "fall_timing" 268 248.380952380952 26.1485682026305 19.6190476190476 0.750291467854595
"GS" 2010 "fall_timing" 250 248.380952380952 26.1485682026305 1.61904761904762 0.0619172570559617
"GS" 2011 "fall_timing" 269 248.380952380952 26.1485682026305 20.6190476190476 0.78853447956563
"GS" 2012 "fall_timing" 222 248.380952380952 26.1485682026305 -26.3809523809524 -1.00888707085302
"GS" 2013 "fall_timing" 209 248.380952380952 26.1485682026305 -39.3809523809524 -1.50604622309648
"GS" 2014 "fall_timing" 298 248.380952380952 26.1485682026305 49.6190476190476 1.89758181918565
"GS" 2015 "fall_timing" 213 248.380952380952 26.1485682026305 -35.3809523809524 -1.35307417625234
"GS" 2016 "fall_timing" 244 248.380952380952 26.1485682026305 -4.38095238095238 -0.167540813210249
"GS" 2017 "fall_timing" 276 248.380952380952 26.1485682026305 27.6190476190476 1.05623556154288
"GS" 2018 "fall_timing" 252 248.380952380952 26.1485682026305 3.61904761904762 0.138403280478032
"GS" 2019 "fall_timing" 213 248.380952380952 26.1485682026305 -35.3809523809524 -1.35307417625234
"GS" 2020 "fall_timing" 257 248.380952380952 26.1485682026305 8.61904761904762 0.329618339033208
"GS" 2021 "fall_timing" 204 248.380952380952 26.1485682026305 -44.3809523809524 -1.69726128165166
"GS" 2022 "fall_timing" 278 248.380952380952 26.1485682026305 29.6190476190476 1.13272158496495
"GS" 2023 "fall_timing" 250 248.380952380952 26.1485682026305 1.61904761904762 0.0619172570559617
"GS" 2024 "fall_timing" 280 248.380952380952 26.1485682026305 31.6190476190476 1.20920760838702
"GS" 1998 "Annual_w_average" 2.21384128825609 1.3517790228248 0.329717376597315 0.862062265431294 2.61454908542516
"GS" 1999 "Annual_w_average" 1.3477222475547 1.3517790228248 0.329717376597315 -0.00405677527009574 -0.0123037957900845
"GS" 2000 "Annual_w_average" 1.08303602530264 1.3517790228248 0.329717376597315 -0.268742997522156 -0.815070774539045
"GS" 2001 "Annual_w_average" 1.75827950650778 1.3517790228248 0.329717376597315 0.406500483682984 1.23287552472384
"GS" 2002 "Annual_w_average" 1.32757957348581 1.3517790228248 0.329717376597315 -0.0241994493389857 -0.0733945222685079
"GS" 2003 "Annual_w_average" 2.09524740030707 1.3517790228248 0.329717376597315 0.743468377482274 2.25486562205144
"GS" 2004 "Annual_w_average" 1.46652110143893 1.3517790228248 0.329717376597315 0.114742078614134 0.348001308873294
"GS" 2005 "Annual_w_average" 1.09769963975986 1.3517790228248 0.329717376597315 -0.254079383064936 -0.770597490757194
"GS" 2006 "Annual_w_average" 1.61272081127634 1.3517790228248 0.329717376597315 0.260941788451544 0.791410483561603
"GS" 2007 "Annual_w_average" 1.49715852227824 1.3517790228248 0.329717376597315 0.145379499453444 0.440921558195572
"GS" 2008 "Annual_w_average" 0.699461080843554 1.3517790228248 0.329717376597315 -0.652317941981242 -1.97841541963352
"GS" 2009 "Annual_w_average" 1.41697852536166 1.3517790228248 0.329717376597315 0.0651995025368644 0.197743604567413
"GS" 2010 "Annual_w_average" 1.01600468606954 1.3517790228248 0.329717376597315 -0.335774336755256 -1.01837015755872
"GS" 2011 "Annual_w_average" 1.51602596047396 1.3517790228248 0.329717376597315 0.164246937649164 0.498144621142488
"GS" 2012 "Annual_w_average" 1.39251168512087 1.3517790228248 0.329717376597315 0.0407326622960744 0.12353811229616
"GS" 2013 "Annual_w_average" 1.26601909372098 1.3517790228248 0.329717376597315 -0.0857599291038156 -0.26010133281072
"GS" 2014 "Annual_w_average" 1.7138684562079 1.3517790228248 0.329717376597315 0.362089433383104 1.09818122757093
"GS" 2015 "Annual_w_average" 1.84629030750755 1.3517790228248 0.329717376597315 0.494511284682754 1.49980352805822
"GS" 2016 "Annual_w_average" 1.0850383818888 1.3517790228248 0.329717376597315 -0.266740640935996 -0.808997826225479
"GS" 2017 "Annual_w_average" 1.27544075998105 1.3517790228248 0.329717376597315 -0.0763382628437457 -0.231526356395156
"GS" 2018 "Annual_w_average" 1.21640703052995 1.3517790228248 0.329717376597315 -0.135371992294846 -0.410569784619438
"GS" 2019 "Annual_w_average" 1.13618497722762 1.3517790228248 0.329717376597315 -0.215594045597176 -0.653875291081432
"GS" 2020 "Annual_w_average" 0.872942729300701 1.3517790228248 0.329717376597315 -0.478836293524095 -1.45226283936166
"GS" 2021 "Annual_w_average" 1.81781150903661 1.3517790228248 0.329717376597315 0.466032486211814 1.41343016562024
"GS" 2022 "Annual_w_average" 1.73242181848897 1.3517790228248 0.329717376597315 0.380642795664174 1.15445172951577
"GS" 2023 "Annual_w_average" 1.06671880138214 1.3517790228248 0.329717376597315 -0.285060221442656 -0.864559291307236
"GS" 2024 "Annual_w_average" 1.8314591379149 1.3517790228248 0.329717376597315 0.479680115090104 1.45482206622049
"GS" 1998 "Winter_w_average" 0.127038047603821 0.186170786942176 0.0454151865598079 -0.0591327393383552 -1.30204770293044
"GS" 1999 "Winter_w_average" 0.205351548335914 0.186170786942176 0.0454151865598079 0.0191807613937378 0.422342455171429
"GS" 2000 "Winter_w_average" 0.136377156942154 0.186170786942176 0.0454151865598079 -0.0497936300000222 -1.09640923602611
"GS" 2001 "Winter_w_average" 0.130338395565767 0.186170786942176 0.0454151865598079 -0.0558323913764092 -1.22937712262577
"GS" 2002 "Winter_w_average" 0.262045952013293 0.186170786942176 0.0454151865598079 0.0758751650711168 1.67070028372988
"GS" 2003 "Winter_w_average" 0.185236133309642 0.186170786942176 0.0454151865598079 -0.000934653632534227 -0.020580200222306
"GS" 2004 "Winter_w_average" 0.164871315076335 0.186170786942176 0.0454151865598079 -0.0212994718658412 -0.46899448134583
"GS" 2005 "Winter_w_average" 0.15578978663236 0.186170786942176 0.0454151865598079 -0.0303810003098162 -0.668961257481724
"GS" 2006 "Winter_w_average" 0.147195226480103 0.186170786942176 0.0454151865598079 -0.0389755604620732 -0.858205446557964
"GS" 2007 "Winter_w_average" 0.192269834771972 0.186170786942176 0.0454151865598079 0.00609904782979576 0.1342953380091
"GS" 2008 "Winter_w_average" 0.139198093825979 0.186170786942176 0.0454151865598079 -0.0469726931161972 -1.03429483999451
"GS" 2009 "Winter_w_average" 0.238487753482341 0.186170786942176 0.0454151865598079 0.0523169665401648 1.15197075038474
"GS" 2010 "Winter_w_average" 0.166401784787424 0.186170786942176 0.0454151865598079 -0.0197690021547522 -0.435294967438219
"GS" 2011 "Winter_w_average" 0.225506984350346 0.186170786942176 0.0454151865598079 0.0393361974081698 0.866146335353425
"GS" 2012 "Winter_w_average" 0.174897727608629 0.186170786942176 0.0454151865598079 -0.0112730593335472 -0.248222239904301
"GS" 2013 "Winter_w_average" 0.12484942744342 0.186170786942176 0.0454151865598079 -0.0613213594987562 -1.35023907516049
"GS" 2014 "Winter_w_average" 0.180294663900514 0.186170786942176 0.0454151865598079 -0.00587612304166224 -0.129386742338356
"GS" 2015 "Winter_w_average" 0.277351780693406 0.186170786942176 0.0454151865598079 0.0911809937512298 2.00772033890364
"GS" 2016 "Winter_w_average" 0.168804518460971 0.186170786942176 0.0454151865598079 -0.0173662684812052 -0.382389015584805
"GS" 2017 "Winter_w_average" 0.187482847808566 0.186170786942176 0.0454151865598079 0.00131206086638977 0.0288903550943669
"GS" 2018 "Winter_w_average" 0.280347574490711 0.186170786942176 0.0454151865598079 0.0941767875485348 2.07368492089121
"GS" 2019 "Winter_w_average" 0.185658279570285 0.186170786942176 0.0454151865598079 -0.000512507371891235 -0.0112849337570442
"GS" 2020 "Winter_w_average" 0.167000527177745 0.186170786942176 0.0454151865598079 -0.0191702597644312 -0.422111219100369
"GS" 2021 "Winter_w_average" 0.263277817361271 0.186170786942176 0.0454151865598079 0.0771070304190948 1.69782480839424
"GS" 2022 "Winter_w_average" 0.233610462202635 0.186170786942176 0.0454151865598079 0.0474396752604588 1.04457735074995
"GS" 2023 "Winter_w_average" 0.173024384102152 0.186170786942176 0.0454151865598079 -0.0131464028400242 -0.289471514615745
"GS" 2024 "Winter_w_average" 0.456341431283242 0.186170786942176 0.0454151865598079 0.270170644341066 5.94890530693459
"GS" 1998 "Spring_w_average" 3.48097735598289 3.01067166771117 0.984594745270004 0.470305688271724 0.477664227369762
"GS" 1999 "Spring_w_average" 3.12193828017389 3.01067166771117 0.984594745270004 0.111266612462724 0.113007522127504
"GS" 2000 "Spring_w_average" 2.24074070189597 3.01067166771117 0.984594745270004 -0.769930965815196 -0.781977528840111
"GS" 2001 "Spring_w_average" 5.1961580304964 3.01067166771117 0.984594745270004 2.18548636278523 2.21968111579339
"GS" 2002 "Spring_w_average" 4.00976977575483 3.01067166771117 0.984594745270004 0.999098108043663 1.01473028659084
"GS" 2003 "Spring_w_average" 4.05637666064035 3.01067166771117 0.984594745270004 1.04570499292918 1.06206639630442
"GS" 2004 "Spring_w_average" 2.3747648983213 3.01067166771117 0.984594745270004 -0.635906769389866 -0.645856350995944
"GS" 2005 "Spring_w_average" 2.59032052931482 3.01067166771117 0.984594745270004 -0.420351138396346 -0.426928074129701
"GS" 2006 "Spring_w_average" 2.94991588246586 3.01067166771117 0.984594745270004 -0.0607557852453064 -0.0617063878688947
"GS" 2007 "Spring_w_average" 2.83045902337884 3.01067166771117 0.984594745270004 -0.180212644332326 -0.183032303592994
"GS" 2008 "Spring_w_average" 1.42208198504195 3.01067166771117 0.984594745270004 -1.58858968266922 -1.61344521723359
"GS" 2009 "Spring_w_average" 4.03393052211649 3.01067166771117 0.984594745270004 1.02325885440532 1.0392690589921
"GS" 2010 "Spring_w_average" 1.65972250095723 3.01067166771117 0.984594745270004 -1.35094916675394 -1.37208650893568
"GS" 2011 "Spring_w_average" 3.64561924872628 3.01067166771117 0.984594745270004 0.634947581015114 0.644882154881898
"GS" 2012 "Spring_w_average" 3.47971696115892 3.01067166771117 0.984594745270004 0.469045293447754 0.4763841120431
"GS" 2013 "Spring_w_average" 2.95287121364256 3.01067166771117 0.984594745270004 -0.0578004540686061 -0.0587048167241189
"GS" 2014 "Spring_w_average" 3.95583440373857 3.01067166771117 0.984594745270004 0.945162736027404 0.959951026112995
"GS" 2015 "Spring_w_average" 4.13945594651696 3.01067166771117 0.984594745270004 1.12878427880579 1.14644556476507
"GS" 2016 "Spring_w_average" 2.05576154713269 3.01067166771117 0.984594745270004 -0.954910120578476 -0.969850921067644
"GS" 2017 "Spring_w_average" 3.13481839208066 3.01067166771117 0.984594745270004 0.124146724369494 0.126089159997953
"GS" 2018 "Spring_w_average" 2.69560673206707 3.01067166771117 0.984594745270004 -0.315064935644096 -0.319994532936184
"GS" 2019 "Spring_w_average" 2.25135169935837 3.01067166771117 0.984594745270004 -0.759319968352796 -0.77120050863624
"GS" 2020 "Spring_w_average" 1.43756175466565 3.01067166771117 0.984594745270004 -1.57310991304552 -1.59772324664817
"GS" 2021 "Spring_w_average" 3.69944486210223 3.01067166771117 0.984594745270004 0.688773194391064 0.699549939403934
"GS" 2022 "Spring_w_average" 2.30025737028483 3.01067166771117 0.984594745270004 -0.710414297426336 -0.721529645409107
"GS" 2023 "Spring_w_average" 2.7710202292265 3.01067166771117 0.984594745270004 -0.239651438484666 -0.243401094344605
"GS" 2024 "Spring_w_average" 3.94250602552726 3.01067166771117 0.984594745270004 0.931834357816094 0.946414108233493
"GS" 1998 "Summer_w_average" 0.692468759570041 0.714331499924532 0.430344187663821 -0.0218627403544914 -0.0508029177137866
"GS" 1999 "Summer_w_average" 0.292259812784222 0.714331499924532 0.430344187663821 -0.42207168714031 -0.980777013468176
"GS" 2000 "Summer_w_average" 0.588562423433177 0.714331499924532 0.430344187663821 -0.125769076491355 -0.292252295015553
"GS" 2001 "Summer_w_average" 0.34327965363759 0.714331499924532 0.430344187663821 -0.371051846286942 -0.862221117243956
"GS" 2002 "Summer_w_average" 0.311642607752217 0.714331499924532 0.430344187663821 -0.402688892172315 -0.935736797929964
"GS" 2003 "Summer_w_average" 0.90225659417079 0.714331499924532 0.430344187663821 0.187925094246258 0.436685563865596
"GS" 2004 "Summer_w_average" 1.16085357478752 0.714331499924532 0.430344187663821 0.446522074862988 1.03759290275765
"GS" 2005 "Summer_w_average" 1.21409750925867 0.714331499924532 0.430344187663821 0.499766009334138 1.16131697292621
"GS" 2006 "Summer_w_average" 0.725977788127515 0.714331499924532 0.430344187663821 0.0116462882029826 0.0270627291754677
"GS" 2007 "Summer_w_average" 0.432410711412039 0.714331499924532 0.430344187663821 -0.281920788512493 -0.655105370524317
"GS" 2008 "Summer_w_average" 0.573061695243065 0.714331499924532 0.430344187663821 -0.141269804681467 -0.328271668889892
"GS" 2009 "Summer_w_average" 0.299199358172966 0.714331499924532 0.430344187663821 -0.415132141751566 -0.9646514433137
"GS" 2010 "Summer_w_average" 0.526478266784778 0.714331499924532 0.430344187663821 -0.187853233139754 -0.436518578674293
"GS" 2011 "Summer_w_average" 0.464736013299931 0.714331499924532 0.430344187663821 -0.249595486624601 -0.579990374633762
"GS" 2012 "Summer_w_average" 0.245292366937149 0.714331499924532 0.430344187663821 -0.469039132987383 -1.08991627267844
"GS" 2013 "Summer_w_average" 0.890305449880619 0.714331499924532 0.430344187663821 0.175973949956087 0.408914434075162
"GS" 2014 "Summer_w_average" 0.344481755488255 0.714331499924532 0.430344187663821 -0.369849744436277 -0.85942776744367
"GS" 2015 "Summer_w_average" 0.633047629799467 0.714331499924532 0.430344187663821 -0.0812838701250653 -0.188881068816859
"GS" 2016 "Summer_w_average" 1.0638255927076 0.714331499924532 0.430344187663821 0.349494092783068 0.812126904002913
"GS" 2017 "Summer_w_average" 0.79232076127082 0.714331499924532 0.430344187663821 0.0779892613462876 0.181225315879511
"GS" 2018 "Summer_w_average" 1.26668121975515 0.714331499924532 0.430344187663821 0.552349719830618 1.28350686651334
"GS" 2019 "Summer_w_average" 0.624219207889741 0.714331499924532 0.430344187663821 -0.0901122920347914 -0.209395861772823
"GS" 2020 "Summer_w_average" 2.02030300574643 0.714331499924532 0.430344187663821 1.3059715058219 3.03471394120955
"GS" 2021 "Summer_w_average" 0.951393384017579 0.714331499924532 0.430344187663821 0.237061884093047 0.550865774160836
"GS" 2022 "Summer_w_average" 0.594145103700178 0.714331499924532 0.430344187663821 -0.120186396224354 -0.279279701386933
"GS" 2023 "Summer_w_average" 0.51106915003421 0.714331499924532 0.430344187663821 -0.203262349890322 -0.472325073085705
"GS" 2024 "Summer_w_average" 0.891605957589307 0.714331499924532 0.430344187663821 0.177274457664775 0.411936451674024
"GS" 1998 "Fall_w_average" 0.80113212681068 0.566310983402061 0.207538415897105 0.234821143408619 1.13145868630432
"GS" 1999 "Fall_w_average" 0.609941502248591 0.566310983402061 0.207538415897105 0.0436305188465297 0.210228639637305
"GS" 2000 "Fall_w_average" 0.388653097922901 0.566310983402061 0.207538415897105 -0.17765788547916 -0.856024099014232
"GS" 2001 "Fall_w_average" 0.385446482865845 0.566310983402061 0.207538415897105 -0.180864500536216 -0.871474805059159
"GS" 2002 "Fall_w_average" 0.362015913574454 0.566310983402061 0.207538415897105 -0.204295069827607 -0.984372309793933
"GS" 2003 "Fall_w_average" 0.696568807358502 0.566310983402061 0.207538415897105 0.130257823956441 0.627632351308978
"GS" 2004 "Fall_w_average" 1.22401567197454 0.566310983402061 0.207538415897105 0.657704688572479 3.169074437277
"GS" 2005 "Fall_w_average" 0.633887667012559 0.566310983402061 0.207538415897105 0.0675766836104977 0.325610481887852
"GS" 2006 "Fall_w_average" 0.408131825185427 0.566310983402061 0.207538415897105 -0.158179158216634 -0.762168090822557
"GS" 2007 "Fall_w_average" 0.437018661129379 0.566310983402061 0.207538415897105 -0.129292322272682 -0.622980192432344
"GS" 2008 "Fall_w_average" 0.45024418287267 0.566310983402061 0.207538415897105 -0.116066800529391 -0.559254536215289
"GS" 2009 "Fall_w_average" 0.34679645793052 0.566310983402061 0.207538415897105 -0.219514525471541 -1.05770550730412
"GS" 2010 "Fall_w_average" 0.703241327567081 0.566310983402061 0.207538415897105 0.13693034416502 0.659783122913052
"GS" 2011 "Fall_w_average" 0.429922017324289 0.566310983402061 0.207538415897105 -0.136388966077772 -0.657174554832259
"GS" 2012 "Fall_w_average" 0.409567398510536 0.566310983402061 0.207538415897105 -0.156743584891525 -0.75525094577785
"GS" 2013 "Fall_w_average" 0.722564752018437 0.566310983402061 0.207538415897105 0.156253768616376 0.752890822361506
"GS" 2014 "Fall_w_average" 0.419269208960859 0.566310983402061 0.207538415897105 -0.147041774441202 -0.70850388736755
"GS" 2015 "Fall_w_average" 0.760482431654536 0.566310983402061 0.207538415897105 0.194171448252475 0.935592802966861
"GS" 2016 "Fall_w_average" 0.728047642077807 0.566310983402061 0.207538415897105 0.161736658675746 0.779309497842234
"GS" 2017 "Fall_w_average" 0.44729532313364 0.566310983402061 0.207538415897105 -0.119015660268421 -0.573463277889852
"GS" 2018 "Fall_w_average" 0.575665420302204 0.566310983402061 0.207538415897105 0.0093544369001427 0.0450732788901141
"GS" 2019 "Fall_w_average" 0.793185393132484 0.566310983402061 0.207538415897105 0.226874409730423 1.09316826357056
"GS" 2020 "Fall_w_average" 0.526880450088087 0.566310983402061 0.207538415897105 -0.0394305333139743 -0.189991492146319
"GS" 2021 "Fall_w_average" 0.972398061674686 0.566310983402061 0.207538415897105 0.406087078272625 1.9566839060483
"GS" 2022 "Fall_w_average" 2.0878016541138 0.566310983402061 0.207538415897105 1.52149067071174 7.33112789810477
"GS" 2023 "Fall_w_average" 0.445708402806705 0.566310983402061 0.207538415897105 -0.120602580595356 -0.581109671065185
"GS" 2024 "Fall_w_average" 0.735788486262592 0.566310983402061 0.207538415897105 0.169477502860531 0.81660786571945
"LAS" 1998 "spring_timing" 154 157.409090909091 14.503395631661 -3.40909090909091 -0.235054672414012
"LAS" 1999 "spring_timing" 156 157.409090909091 14.503395631661 -1.40909090909091 -0.0971559312644584
"LAS" 2000 "spring_timing" 177 157.409090909091 14.503395631661 19.5909090909091 1.35078085080586
"LAS" 2001 "spring_timing" 173 157.409090909091 14.503395631661 15.5909090909091 1.07498336850675
"LAS" 2002 "spring_timing" 190 157.409090909091 14.503395631661 32.5909090909091 2.24712266827796
"LAS" 2003 "spring_timing" 150 157.409090909091 14.503395631661 -7.40909090909091 -0.510852154713121
"LAS" 2004 "spring_timing" 159 157.409090909091 14.503395631661 1.59090909090909 0.109692180459873
"LAS" 2005 "spring_timing" 151 157.409090909091 14.503395631661 -6.40909090909091 -0.441902784138343
"LAS" 2006 "spring_timing" 144 157.409090909091 14.503395631661 -13.4090909090909 -0.924548378161783
"LAS" 2007 "spring_timing" 171 157.409090909091 14.503395631661 13.5909090909091 0.937084627357197
"LAS" 2008 "spring_timing" 150 157.409090909091 14.503395631661 -7.40909090909091 -0.510852154713121
"LAS" 2009 "spring_timing" 170 157.409090909091 14.503395631661 12.5909090909091 0.86813525678242
"LAS" 2010 "spring_timing" 137 157.409090909091 14.503395631661 -20.4090909090909 -1.40719397218522
"LAS" 2011 "spring_timing" 152 157.409090909091 14.503395631661 -5.40909090909091 -0.372953413563566
"LAS" 2012 "spring_timing" 149 157.409090909091 14.503395631661 -8.40909090909091 -0.579801525287898
"LAS" 2013 "spring_timing" 140 157.409090909091 14.503395631661 -17.4090909090909 -1.20034586046089
"LAS" 2014 "spring_timing" 154 157.409090909091 14.503395631661 -3.40909090909091 -0.235054672414012
"LAS" 2015 "spring_timing" 150 157.409090909091 14.503395631661 -7.40909090909091 -0.510852154713121
"LAS" 2016 "spring_timing" 156 157.409090909091 14.503395631661 -1.40909090909091 -0.0971559312644584
"LAS" 2017 "spring_timing" 151 157.409090909091 14.503395631661 -6.40909090909091 -0.441902784138343
"LAS" 2018 "spring_timing" 186 157.409090909091 14.503395631661 28.5909090909091 1.97132518597885
"LAS" 2019 "spring_timing" 157 157.409090909091 14.503395631661 -0.409090909090907 -0.0282065606896813
"LAS" 2020 "spring_timing" 140 157.409090909091 14.503395631661 -17.4090909090909 -1.20034586046089
"LAS" 2021 "spring_timing" 136 157.409090909091 14.503395631661 -21.4090909090909 -1.47614334276
"LAS" 2022 "spring_timing" 137 157.409090909091 14.503395631661 -20.4090909090909 -1.40719397218522
"LAS" 2023 "spring_timing" 147 157.409090909091 14.503395631661 -10.4090909090909 -0.717700266437452
"LAS" 2024 "spring_timing" 129 157.409090909091 14.503395631661 -28.4090909090909 -1.95878893678344
"LAS" 1998 "fall_timing" 262 253.5 6.33771778061051 8.5 1.34117679174745
"LAS" 1999 "fall_timing" 246 253.5 6.33771778061051 -7.5 -1.18339128683599
"LAS" 2000 "fall_timing" 262 253.5 6.33771778061051 8.5 1.34117679174745
"LAS" 2001 "fall_timing" 255 253.5 6.33771778061051 1.5 0.236678257367198
"LAS" 2002 "fall_timing" 245 253.5 6.33771778061051 -8.5 -1.34117679174745
"LAS" 2003 "fall_timing" 251 253.5 6.33771778061051 -2.5 -0.394463762278663
"LAS" 2004 "fall_timing" 251 253.5 6.33771778061051 -2.5 -0.394463762278663
"LAS" 2005 "fall_timing" 256 253.5 6.33771778061051 2.5 0.394463762278663
"LAS" 2006 "fall_timing" 255 253.5 6.33771778061051 1.5 0.236678257367198
"LAS" 2007 "fall_timing" 254 253.5 6.33771778061051 0.5 0.0788927524557325
"LAS" 2008 "fall_timing" 257 253.5 6.33771778061051 3.5 0.552249267190128
"LAS" 2009 "fall_timing" 252 253.5 6.33771778061051 -1.5 -0.236678257367198
"LAS" 2010 "fall_timing" 252 253.5 6.33771778061051 -1.5 -0.236678257367198
"LAS" 2011 "fall_timing" 256 253.5 6.33771778061051 2.5 0.394463762278663
"LAS" 2012 "fall_timing" 245 253.5 6.33771778061051 -8.5 -1.34117679174745
"LAS" 2013 "fall_timing" 254 253.5 6.33771778061051 0.5 0.0788927524557325
"LAS" 2014 "fall_timing" 236 253.5 6.33771778061051 -17.5 -2.76124633595064
"LAS" 2015 "fall_timing" 257 253.5 6.33771778061051 3.5 0.552249267190128
"LAS" 2016 "fall_timing" 262 253.5 6.33771778061051 8.5 1.34117679174745
"LAS" 2017 "fall_timing" 260 253.5 6.33771778061051 6.5 1.02560578192452
"LAS" 2018 "fall_timing" 254 253.5 6.33771778061051 0.5 0.0788927524557325
"LAS" 2019 "fall_timing" 263 253.5 6.33771778061051 9.5 1.49896229665892
"LAS" 2020 "fall_timing" 254 253.5 6.33771778061051 0.5 0.0788927524557325
"LAS" 2021 "fall_timing" 261 253.5 6.33771778061051 7.5 1.18339128683599
"LAS" 2022 "fall_timing" 263 253.5 6.33771778061051 9.5 1.49896229665892
"LAS" 2023 "fall_timing" 266 253.5 6.33771778061051 12.5 1.97231881139331
"LAS" 2024 "fall_timing" 269 253.5 6.33771778061051 15.5 2.44567532612771
"LAS" 1998 "Annual_w_average" 0.825365276309832 0.710843277276743 0.211252969765248 0.114521999033089 0.542108350762359
"LAS" 1999 "Annual_w_average" 0.566706608216314 0.710843277276743 0.211252969765248 -0.144136669060429 -0.682294167133362
"LAS" 2000 "Annual_w_average" 0.548023160025619 0.710843277276743 0.211252969765248 -0.162820117251124 -0.770735282121978
"LAS" 2001 "Annual_w_average" 0.576467453849255 0.710843277276743 0.211252969765248 -0.134375823427488 -0.636089630251407
"LAS" 2002 "Annual_w_average" 0.671113738464176 0.710843277276743 0.211252969765248 -0.039729538812567 -0.18806617893569
"LAS" 2003 "Annual_w_average" 0.830442092009809 0.710843277276743 0.211252969765248 0.119598814733066 0.566140276588626
"LAS" 2004 "Annual_w_average" 0.708381033809845 0.710843277276743 0.211252969765248 -0.00246224346689805 -0.0116554265231594
"LAS" 2005 "Annual_w_average" 0.706509131295667 0.710843277276743 0.211252969765248 -0.00433414598107607 -0.0205163789455473
"LAS" 2006 "Annual_w_average" 0.722504087907297 0.710843277276743 0.211252969765248 0.011660810630554 0.0551983275951668
"LAS" 2007 "Annual_w_average" 0.492887676814916 0.710843277276743 0.211252969765248 -0.217955600461827 -1.03172798329902
"LAS" 2008 "Annual_w_average" 0.531522233127324 0.710843277276743 0.211252969765248 -0.179321044149419 -0.848845080609694
"LAS" 2009 "Annual_w_average" 0.669893052970366 0.710843277276743 0.211252969765248 -0.040950224306377 -0.193844490573943
"LAS" 2010 "Annual_w_average" 1.12998879865592 0.710843277276743 0.211252969765248 0.419145521379177 1.9840929187644
"LAS" 2011 "Annual_w_average" 0.802476073903331 0.710843277276743 0.211252969765248 0.091632796626588 0.433758619954142
"LAS" 2012 "Annual_w_average" 0.471230810776214 0.710843277276743 0.211252969765248 -0.239612466500529 -1.13424425117808
"LAS" 2013 "Annual_w_average" 0.497838065734244 0.710843277276743 0.211252969765248 -0.213005211542499 -1.00829451902711
"LAS" 2014 "Annual_w_average" 0.470770333143707 0.710843277276743 0.211252969765248 -0.240072944133036 -1.13642399631027
"LAS" 2015 "Annual_w_average" 0.944259516432917 0.710843277276743 0.211252969765248 0.233416239156174 1.10491340981173
"LAS" 2016 "Annual_w_average" 1.17470307634981 0.710843277276743 0.211252969765248 0.463859799073067 2.19575516305653
"LAS" 2017 "Annual_w_average" 0.630298413232363 0.710843277276743 0.211252969765248 -0.08054486404438 -0.381272102985745
"LAS" 2018 "Annual_w_average" 0.727659637389524 0.710843277276743 0.211252969765248 0.016816360112781 0.0796029524766821
"LAS" 2019 "Annual_w_average" 0.664893514797238 0.710843277276743 0.211252969765248 -0.045949762479505 -0.217510610764744
"LAS" 2020 "Annual_w_average" 1.09998359118249 0.710843277276743 0.211252969765248 0.389140313905747 1.84205843041248
"LAS" 2021 "Annual_w_average" 1.10942689216988 0.710843277276743 0.211252969765248 0.398583614893137 1.88675981850602
"LAS" 2022 "Annual_w_average" 0.880530055964989 0.710843277276743 0.211252969765248 0.169686778688246 0.803239731383698
"LAS" 2023 "Annual_w_average" 0.92818839634178 0.710843277276743 0.211252969765248 0.217345119065037 1.0288381711583
"LAS" 2024 "Annual_w_average" 0.59833085878496 0.710843277276743 0.211252969765248 -0.112512418491783 -0.532595677195976
"LAS" 1998 "Winter_w_average" 0.182356162495446 0.249527603609676 0.136766373013613 -0.0671714411142296 -0.491140034162809
"LAS" 1999 "Winter_w_average" 0.195966735259558 0.249527603609676 0.136766373013613 -0.0535608683501176 -0.391623080805004
"LAS" 2000 "Winter_w_average" 0.163013114324304 0.249527603609676 0.136766373013613 -0.0865144892853716 -0.632571350537754
"LAS" 2001 "Winter_w_average" 0.222821825627904 0.249527603609676 0.136766373013613 -0.0267057779817716 -0.195265673815254
"LAS" 2002 "Winter_w_average" 0.341946363068062 0.249527603609676 0.136766373013613 0.0924187594583864 0.675741832015881
"LAS" 2003 "Winter_w_average" 0.134711173504967 0.249527603609676 0.136766373013613 -0.114816430104709 -0.839507750149082
"LAS" 2004 "Winter_w_average" 0.223305608527226 0.249527603609676 0.136766373013613 -0.0262219950824496 -0.191728379605706
"LAS" 2005 "Winter_w_average" 0.222325204960741 0.249527603609676 0.136766373013613 -0.0272023986489346 -0.198896834430397
"LAS" 2006 "Winter_w_average" 0.461317950946722 0.249527603609676 0.136766373013613 0.211790347337046 1.54855570613081
"LAS" 2007 "Winter_w_average" 0.181471075970481 0.249527603609676 0.136766373013613 -0.0680565276391946 -0.497611555673999
"LAS" 2008 "Winter_w_average" 0.181962771529256 0.249527603609676 0.136766373013613 -0.0675648320804196 -0.494016406165091
"LAS" 2009 "Winter_w_average" 0.163331111123351 0.249527603609676 0.136766373013613 -0.0861964924863246 -0.630246240994816
"LAS" 2010 "Winter_w_average" 0.262500616631416 0.249527603609676 0.136766373013613 0.0129730130217404 0.0948552830340035
"LAS" 2011 "Winter_w_average" 0.258543575899265 0.249527603609676 0.136766373013613 0.00901597228958942 0.0659224346666852
"LAS" 2012 "Winter_w_average" 0.166112508380239 0.249527603609676 0.136766373013613 -0.0834150952294366 -0.609909390674078
"LAS" 2013 "Winter_w_average" 0.185276216053617 0.249527603609676 0.136766373013613 -0.0642513875560586 -0.469789365180162
"LAS" 2014 "Winter_w_average" 0.122676149606431 0.249527603609676 0.136766373013613 -0.126851454003245 -0.927504701690219
"LAS" 2015 "Winter_w_average" 0.14024521883286 0.249527603609676 0.136766373013613 -0.109282384776816 -0.799044256046316
"LAS" 2016 "Winter_w_average" 0.189903425256972 0.249527603609676 0.136766373013613 -0.0596241783527036 -0.435956419980288
"LAS" 2017 "Winter_w_average" 0.310846460788465 0.249527603609676 0.136766373013613 0.0613188571787894 0.448347468954857
"LAS" 2018 "Winter_w_average" 0.737675979007662 0.249527603609676 0.136766373013613 0.488148375397986 3.56921343047825
"LAS" 2019 "Winter_w_average" 0.26508484954059 0.249527603609676 0.136766373013613 0.0155572459309144 0.11375051913796
"LAS" 2020 "Winter_w_average" 0.358569344572774 0.249527603609676 0.136766373013613 0.109041740963098 0.797284731329716
"LAS" 2021 "Winter_w_average" 0.695356229437731 0.249527603609676 0.136766373013613 0.445828625828055 3.25978247433438
"LAS" 2022 "Winter_w_average" 0.256553985649579 0.249527603609676 0.136766373013613 0.00702638203990338 0.0513750703852035
"LAS" 2023 "Winter_w_average" 0.344448606829593 0.249527603609676 0.136766373013613 0.0949210032199174 0.694037584885498
"LAS" 2024 "Winter_w_average" 0.455776429146151 0.249527603609676 0.136766373013613 0.206248825536475 1.50803754601247
"LAS" 1998 "Spring_w_average" 1.22630077520826 1.14795860744004 0.427008794358656 0.078342167768217 0.183467340259075
"LAS" 1999 "Spring_w_average" 0.895820312122417 1.14795860744004 0.427008794358656 -0.252138295317626 -0.590475649796216
"LAS" 2000 "Spring_w_average" 0.764009083137759 1.14795860744004 0.427008794358656 -0.383949524302284 -0.899160694989796
"LAS" 2001 "Spring_w_average" 1.02006957873875 1.14795860744004 0.427008794358656 -0.127889028701293 -0.299499753613683
"LAS" 2002 "Spring_w_average" 0.94474022648467 1.14795860744004 0.427008794358656 -0.203218380955373 -0.475911465150492
"LAS" 2003 "Spring_w_average" 1.31988661677271 1.14795860744004 0.427008794358656 0.171928009332667 0.402633415526941
"LAS" 2004 "Spring_w_average" 0.970270627045 1.14795860744004 0.427008794358656 -0.177687980395043 -0.416122531298028
"LAS" 2005 "Spring_w_average" 1.08184613989143 1.14795860744004 0.427008794358656 -0.0661124675486129 -0.154826946006839
"LAS" 2006 "Spring_w_average" 1.13033993570482 1.14795860744004 0.427008794358656 -0.0176186717352229 -0.0412606765199888
"LAS" 2007 "Spring_w_average" 0.634155993822837 1.14795860744004 0.427008794358656 -0.513802613617206 -1.20326002744021
"LAS" 2008 "Spring_w_average" 1.14205471017289 1.14795860744004 0.427008794358656 -0.00590389726715301 -0.0138261725405922
"LAS" 2009 "Spring_w_average" 1.26947747776704 1.14795860744004 0.427008794358656 0.121518870326997 0.284581657175262
"LAS" 2010 "Spring_w_average" 2.26838133936896 1.14795860744004 0.427008794358656 1.12042273192892 2.6238867834367
"LAS" 2011 "Spring_w_average" 1.6143697045312 1.14795860744004 0.427008794358656 0.466411097091157 1.09227515510935
"LAS" 2012 "Spring_w_average" 0.977948644764897 1.14795860744004 0.427008794358656 -0.170009962675146 -0.398141595492177
"LAS" 2013 "Spring_w_average" 0.822073678462854 1.14795860744004 0.427008794358656 -0.325884928977189 -0.763180836747521
"LAS" 2014 "Spring_w_average" 0.816222979372249 1.14795860744004 0.427008794358656 -0.331735628067794 -0.776882425960437
"LAS" 2015 "Spring_w_average" 1.62410451114814 1.14795860744004 0.427008794358656 0.476145903708097 1.11507282753565
"LAS" 2016 "Spring_w_average" 1.67322377225585 1.14795860744004 0.427008794358656 0.525265164815807 1.23010385677121
"LAS" 2017 "Spring_w_average" 0.732717238354567 1.14795860744004 0.427008794358656 -0.415241369085476 -0.97244219456685
"LAS" 2018 "Spring_w_average" 0.959336665699895 1.14795860744004 0.427008794358656 -0.188621941740148 -0.441728470776458
"LAS" 2019 "Spring_w_average" 0.687629342508059 1.14795860744004 0.427008794358656 -0.460329264931984 -1.078032281802
"LAS" 2020 "Spring_w_average" 1.90641078555395 1.14795860744004 0.427008794358656 0.758452178113907 1.77619802714617
"LAS" 2021 "Spring_w_average" 1.42698420488145 1.14795860744004 0.427008794358656 0.279025597441407 0.653442273619888
"LAS" 2022 "Spring_w_average" 1.73753672915952 1.14795860744004 0.427008794358656 0.589578121719477 1.38071657892899
"LAS" 2023 "Spring_w_average" 1.75382045677164 1.14795860744004 0.427008794358656 0.605861849331597 1.41885098699564
"LAS" 2024 "Spring_w_average" 0.734982088806083 1.14795860744004 0.427008794358656 -0.41297651863396 -0.967138204388105
"LAS" 1998 "Summer_w_average" 0.294571739161958 0.323739264456684 0.12546417748486 -0.0291675252947258 -0.232476917949313
"LAS" 1999 "Summer_w_average" 0.26279564751254 0.323739264456684 0.12546417748486 -0.0609436169441439 -0.485745159820603
"LAS" 2000 "Summer_w_average" 0.292714830320826 0.323739264456684 0.12546417748486 -0.0310244341358578 -0.247277228909435
"LAS" 2001 "Summer_w_average" 0.342737288183745 0.323739264456684 0.12546417748486 0.0189980237270612 0.151421896735055
"LAS" 2002 "Summer_w_average" 0.770878123387386 0.323739264456684 0.12546417748486 0.447138858930702 3.56387670085877
"LAS" 2003 "Summer_w_average" 0.282983390488002 0.323739264456684 0.12546417748486 -0.0407558739686819 -0.324840721755817
"LAS" 2004 "Summer_w_average" 0.412103694466678 0.323739264456684 0.12546417748486 0.0883644300099942 0.704300078168983
"LAS" 2005 "Summer_w_average" 0.277836031148032 0.323739264456684 0.12546417748486 -0.0459032333086518 -0.365867247758357
"LAS" 2006 "Summer_w_average" 0.216933713539614 0.323739264456684 0.12546417748486 -0.10680555091707 -0.851283235248229
"LAS" 2007 "Summer_w_average" 0.382954623327662 0.323739264456684 0.12546417748486 0.0592153588709782 0.471970247269375
"LAS" 2008 "Summer_w_average" 0.20537580160088 0.323739264456684 0.12546417748486 -0.118363462855804 -0.943404446022745
"LAS" 2009 "Summer_w_average" 0.264729221184322 0.323739264456684 0.12546417748486 -0.0590100432723618 -0.470333799298868
"LAS" 2010 "Summer_w_average" 0.438430084381166 0.323739264456684 0.12546417748486 0.114690819924482 0.914132003442353
"LAS" 2011 "Summer_w_average" 0.301751966661745 0.323739264456684 0.12546417748486 -0.0219872977949389 -0.175247614384529
"LAS" 2012 "Summer_w_average" 0.180881842862395 0.323739264456684 0.12546417748486 -0.142857421594289 -1.13863115718052
"LAS" 2013 "Summer_w_average" 0.283199986723571 0.323739264456684 0.12546417748486 -0.0405392777331128 -0.323114362567791
"LAS" 2014 "Summer_w_average" 0.212029807232692 0.323739264456684 0.12546417748486 -0.111709457223992 -0.890369342575668
"LAS" 2015 "Summer_w_average" 0.271576588178165 0.323739264456684 0.12546417748486 -0.0521626762785188 -0.415757527959033
"LAS" 2016 "Summer_w_average" 0.439441068481623 0.323739264456684 0.12546417748486 0.115701804024939 0.922189953693364
"LAS" 2017 "Summer_w_average" 0.227744210790802 0.323739264456684 0.12546417748486 -0.0959950536658818 -0.765119220404291
"LAS" 2018 "Summer_w_average" 0.411626437856236 0.323739264456684 0.12546417748486 0.0878871733995522 0.700496150864716
"LAS" 2019 "Summer_w_average" 0.3357413564956 0.323739264456684 0.12546417748486 0.0120020920389162 0.0956615049771036
"LAS" 2020 "Summer_w_average" 0.307798103223362 0.323739264456684 0.12546417748486 -0.0159411612333218 -0.12705747212383
"LAS" 2021 "Summer_w_average" 0.412102005887135 0.323739264456684 0.12546417748486 0.0883627414304512 0.70428661951029
"LAS" 2022 "Summer_w_average" 0.229295447685552 0.323739264456684 0.12546417748486 -0.0944438167711318 -0.752755237904687
"LAS" 2023 "Summer_w_average" 0.335594061129258 0.323739264456684 0.12546417748486 0.0118547966725742 0.0944875016137948
"LAS" 2024 "Summer_w_average" 0.375981088608666 0.323739264456684 0.12546417748486 0.0522418241519822 0.416388368371412
"LAS" 1998 "Fall_w_average" 1.10673863609655 0.784338871968398 0.260267363020917 0.322399764128152 1.23872528766598
"LAS" 1999 "Fall_w_average" 0.55369993252465 0.784338871968398 0.260267363020917 -0.230638939443748 -0.886161586941701
"LAS" 2000 "Fall_w_average" 0.54032969247311 0.784338871968398 0.260267363020917 -0.244009179495288 -0.937532761169433
"LAS" 2001 "Fall_w_average" 0.684059745906091 0.784338871968398 0.260267363020917 -0.100279126062307 -0.385292742425978
"LAS" 2002 "Fall_w_average" 0.548526834766959 0.784338871968398 0.260267363020917 -0.235812037201439 -0.906037677810902
"LAS" 2003 "Fall_w_average" 0.985086443390834 0.784338871968398 0.260267363020917 0.200747571422436 0.771312887994729
"LAS" 2004 "Fall_w_average" 0.933974381292278 0.784338871968398 0.260267363020917 0.14963550932388 0.574929978108144
"LAS" 2005 "Fall_w_average" 0.976484423643472 0.784338871968398 0.260267363020917 0.192145551675074 0.738262183336571
"LAS" 2006 "Fall_w_average" 0.704678491479186 0.784338871968398 0.260267363020917 -0.0796603804892118 -0.3060713397354
"LAS" 2007 "Fall_w_average" 0.567730494925227 0.784338871968398 0.260267363020917 -0.216608377043171 -0.832253320312629
"LAS" 2008 "Fall_w_average" 0.482066555614703 0.784338871968398 0.260267363020917 -0.302272316353695 -1.16139155077005
"LAS" 2009 "Fall_w_average" 0.880496403614568 0.784338871968398 0.260267363020917 0.0961575316461702 0.36945674067648
"LAS" 2010 "Fall_w_average" 0.651637882937137 0.784338871968398 0.260267363020917 -0.132700989031261 -0.509864116234181
"LAS" 2011 "Fall_w_average" 0.705979618259972 0.784338871968398 0.260267363020917 -0.0783592537084258 -0.301072146729854
"LAS" 2012 "Fall_w_average" 0.536610689339281 0.784338871968398 0.260267363020917 -0.247728182629117 -0.951821925552791
"LAS" 2013 "Fall_w_average" 0.623984422525654 0.784338871968398 0.260267363020917 -0.160354449442744 -0.616114320218691
"LAS" 2014 "Fall_w_average" 0.556321495286106 0.784338871968398 0.260267363020917 -0.228017376682292 -0.876089011068078
"LAS" 2015 "Fall_w_average" 0.768594901167808 0.784338871968398 0.260267363020917 -0.0157439708005898 -0.0604915292407387
"LAS" 2016 "Fall_w_average" 1.40386338921325 0.784338871968398 0.260267363020917 0.619524517244852 2.38033885637464
"LAS" 2017 "Fall_w_average" 0.933978510189876 0.784338871968398 0.260267363020917 0.149639638221478 0.574945842170199
"LAS" 2018 "Fall_w_average" 0.7886754495103 0.784338871968398 0.260267363020917 0.0043365775419022 0.0166620105247452
"LAS" 2019 "Fall_w_average" 1.05380543327969 0.784338871968398 0.260267363020917 0.269466561311292 1.03534518574899
"LAS" 2020 "Fall_w_average" 1.3748699919646 0.784338871968398 0.260267363020917 0.590531119996202 2.26894034327593
"LAS" 2021 "Fall_w_average" 1.42190565556943 0.784338871968398 0.260267363020917 0.637566783601032 2.44966090331423
"LAS" 2022 "Fall_w_average" 0.752491032202829 0.784338871968398 0.260267363020917 -0.0318478397655688 -0.122365860228926
"LAS" 2023 "Fall_w_average" 0.8269415085917 0.784338871968398 0.260267363020917 0.0426026366233022 0.163687971203206
"LAS" 2024 "Fall_w_average" 0.742634902215129 0.784338871968398 0.260267363020917 -0.0417039697532688 -0.16023511080764
